222438
149455
175245
213660
181103
127007
188770
169385
173326
211688
82168
97490
152508
188652
80772
194912
200132
178414
143267
148945
194448
149762
215777
188871
223461
94655
98077
145599
111465
114518
76217
103748
124746
115722
85389
162162
138572
87842
55426
144372
169446
109378
64197
106914
87552
81011
148813
75632
84580
100164
125808
77187
74060
116675
166603
97592
158566
68839
51379
62750
140104
91644
74000
77881
62775
47822
54127
86686
127405
97797
86986
82041
65264
54270
53013
54400
57449
49157
57868
56831
139075
99315
80828
100142
87166
133554
105111
48550
45977
63038
47333
59863
42479
96829
52145
48532
47560
48004
74892
40299
49469
140108
60747
58466
66611
121562
47179
47563
44274
108078
53995
52827
62505
45949
76735
45966
44458
109479
43070
59281
42065
46592
50597
48144
42939
48581
93910
50726
59253
41557
48271
70552
36405
42105
38169
37785
44849
48938
38899
51918
74063
40824
41323
44241
49753
43785
47750
50448
48786
35616
