-119279.0
-98323.0
-110102.0
-137242.0
-112584.0
-64995.0
-101537.0
-99552.0
-107578.0
-115658.0
-44922.0
-57366.0
-99742.0
-93055.0
-47457.0
-97176.0
-104108.0
-102601.0
-98621.0
-94219.0
-110020.0
-82477.0
-116639.0
-97329.0
-124702.0
-47840.0
-47855.0
-83481.0
-50430.0
-57331.0
-44582.0
-56816.0
-64364.0
-64941.0
-41776.0
-74198.0
-72259.0
-45521.0
-29527.0
-68052.0
-78513.0
-50597.0
-39101.0
-60870.0
-41677.0
-43184.0
-76487.0
-39710.0
-50504.0
-49649.0
-73681.0
-38162.0
-39506.0
-61026.0
-87690.0
-45258.0
-84167.0
-37532.0
-27788.0
-36882.0
-60125.0
-54567.0
-36956.0
-42940.0
-33258.0
-25342.0
-28366.0
-43236.0
-58994.0
-51163.0
-43316.0
-40159.0
-31004.0
-33670.0
-25797.0
-30115.0
-32300.0
-25452.0
-29655.0
-29755.0
-66933.0
-47920.0
-42375.0
-43315.0
-41436.0
-66296.0
-46192.0
-23531.0
-21681.0
-33049.0
-25529.0
-32625.0
-21387.0
-47380.0
-30240.0
-25020.0
-24950.0
-23624.0
-33225.0
-21311.0
-24292.0
-65957.0
-29531.0
-29885.0
-32129.0
-55739.0
-26018.0
-24772.0
-23063.0
-43410.0
-28043.0
-30129.0
-31902.0
-22432.0
-30951.0
-24401.0
-22645.0
-48811.0
-21627.0
-28214.0
-18972.0
-24801.0
-25475.0
-25103.0
-20745.0
-24020.0
-39023.0
-24255.0
-25269.0
-19877.0
-23728.0
-34808.0
-17623.0
-21543.0
-17773.0
-18861.0
-20239.0
-24170.0
-17693.0
-25144.0
-31670.0
-20840.0
-20033.0
-21627.0
-22395.0
-21773.0
-22715.0
-23298.0
-23032.0
-19483.0
