41.19222222222222
27.67685185185185
32.452777777777776
39.56666666666667
33.537592592592596
23.519814814814815
34.95740740740741
31.367592592592594
32.09740740740741
39.20148148148148
15.216296296296296
18.053703703703704
28.24222222222222
34.93555555555555
14.957777777777778
36.09481481481482
37.06148148148148
33.03962962962963
26.530925925925924
27.58240740740741
36.00888888888889
27.733703703703704
39.958703703703705
34.97611111111111
41.38166666666667
17.528703703703705
18.162407407407407
26.962777777777777
20.641666666666666
21.207037037037036
14.11425925925926
19.212592592592593
23.101111111111113
21.43
15.812777777777777
30.03
25.66148148148148
16.26703703703704
10.264074074074074
26.735555555555557
31.378888888888888
20.255185185185184
11.888333333333334
19.79888888888889
16.213333333333335
15.002037037037036
27.557962962962964
14.005925925925926
15.662962962962963
18.54888888888889
23.297777777777778
14.293888888888889
13.714814814814815
21.60648148148148
30.85240740740741
18.072592592592592
29.364074074074075
12.747962962962964
9.51462962962963
11.62037037037037
25.945185185185185
16.97111111111111
13.703703703703704
14.422407407407407
11.625
8.855925925925925
10.023518518518518
16.05296296296296
23.59351851851852
18.110555555555557
16.10851851851852
15.192777777777778
12.085925925925926
10.05
9.817222222222222
10.074074074074074
10.638703703703703
9.103148148148149
10.716296296296296
10.52425925925926
25.75462962962963
18.391666666666666
14.968148148148147
18.544814814814814
16.14185185185185
24.732222222222223
19.465
8.99074074074074
8.514259259259259
11.673703703703703
8.76537037037037
11.085740740740741
7.866481481481482
17.931296296296296
9.656481481481482
8.987407407407407
8.807407407407407
8.88962962962963
13.86888888888889
7.462777777777778
9.160925925925927
25.945925925925927
11.249444444444444
10.827037037037037
12.33537037037037
22.511481481481482
8.736851851851851
8.807962962962963
8.198888888888888
20.014444444444443
9.999074074074073
9.782777777777778
11.575
8.509074074074075
14.210185185185185
8.512222222222222
8.232962962962963
20.273888888888887
7.975925925925926
10.977962962962962
7.7898148148148145
8.628148148148147
9.369814814814815
8.915555555555555
7.951666666666667
8.996481481481482
17.39074074074074
9.393703703703704
10.972777777777777
7.6957407407407405
8.939074074074075
13.065185185185186
6.741666666666666
7.7972222222222225
7.068333333333333
6.997222222222222
8.30537037037037
9.062592592592592
7.203518518518519
9.614444444444445
13.71537037037037
7.56
7.6524074074074075
8.192777777777778
9.21351851851852
8.108333333333333
8.842592592592593
9.342222222222222
9.034444444444444
6.595555555555555
