0
0
0
0
0
0
0
0
0
0
0
0
0
0
0
0
0
0
0
0
0
0
0
0
0
0
0
0
0
0
0
0
0
0
0
0
0
0
0
0
0
0
0
0
0
0
0
0
0
0
0
0
0
0
0
0
0
0
0
0
0
0
0
0
0
0
0.0
0.0
0.0
0.0
0.0
0.0
0.0
0.0
0.0
0.0
0.0
0.0
0.0
0.0
0.0
0.0
-1.0
-1.0
-2.0
-2.0
-2.0
-2.0
-2.0
-2.0
-2.0
-2.0
-2.0
-2.0
-2.0
-3.0
-3.0
-3.0
-3.0
-3.0
-3.0
-3.0
-4.0
-4.0
-4.0
-4.0
-4.0
-4.0
-4.0
-4.0
-4.0
-4.0
-4.0
-4.0
-4.0
-4.0
-4.0
-4.0
-4.0
-4.0
-1.0
98.0
-1.0
-1.0
-1.0
-1.0
-1.0
-1.0
-1.0
-1.0
-1.0
-1.0
-1.0
-1.0
-1.0
-1.0
-1.0
-1.0
-2.0
-2.0
-3.0
-3.0
-3.0
-4.0
-4.0
-4.0
-4.0
-4.0
-4.0
-4.0
-4.0
-4.0
-4.0
-4.0
-4.0
-4.0
-4.0
-4.0
-4.0
-5.0
-5.0
-6.0
-6.0
-6.0
-6.0
-6.0
-6.0
-6.0
-6.0
-6.0
-6.0
-6.0
-6.0
-6.0
-6.0
-6.0
-6.0
-6.0
-6.0
-6.0
-6.0
-6.0
-6.0
-6.0
-7.0
-7.0
-7.0
-7.0
-7.0
-7.0
-7.0
-7.0
-7.0
-7.0
-7.0
-7.0
-7.0
-7.0
-7.0
-7.0
-8.0
-8.0
-9.0
-9.0
-9.0
-10.0
-10.0
-10.0
-10.0
-10.0
-10.0
-10.0
-10.0
-10.0
-10.0
-8.0
80.0
-6.0
-6.0
-7.0
69.0
-8.0
-8.0
9.0
-8.0
-8.0
-8.0
-8.0
-8.0
-8.0
-9.0
-9.0
-9.0
-9.0
-10.0
-10.0
-10.0
-11.0
-11.0
-11.0
-11.0
-12.0
-12.0
-12.0
-12.0
-12.0
-12.0
-12.0
-12.0
-12.0
-12.0
-12.0
-12.0
-12.0
-12.0
-12.0
-12.0
-12.0
-13.0
-14.0
-13.0
146.0
-12.0
-11.0
-11.0
108.0
-9.0
-10.0
93.0
-10.0
-10.0
92.0
-10.0
70.0
-10.0
-10.0
53.0
-10.0
35.0
-10.0
-10.0
-10.0
-10.0
-10.0
-10.0
-10.0
-10.0
-10.0
-10.0
-11.0
-11.0
-11.0
-11.0
-11.0
-11.0
-11.0
19.0
-10.0
-10.0
-10.0
-10.0
-10.0
-10.0
-10.0
-10.0
-12.0
-12.0
-12.0
-13.0
-13.0
-13.0
-14.0
-14.0
-15.0
-15.0
-15.0
-15.0
-15.0
-15.0
-16.0
-18.0
-18.0
-18.0
-18.0
-18.0
-18.0
-18.0
-18.0
-18.0
-19.0
-19.0
-19.0
-19.0
-19.0
-20.0
-15.0
574.0
-8.0
-6.0
-5.0
236.0
-5.0
-5.0
131.0
-5.0
-5.0
32.0
-5.0
-2.0
-5.0
-5.0
-5.0
-5.0
-5.0
-5.0
-5.0
-7.0
-7.0
-7.0
-8.0
-9.0
-9.0
-9.0
-9.0
-9.0
-9.0
-9.0
-9.0
-9.0
-10.0
-10.0
-10.0
-10.0
-10.0
-11.0
-11.0
-11.0
-11.0
-11.0
-13.0
-14.0
-15.0
-15.0
-16.0
-16.0
-16.0
-17.0
-17.0
-17.0
-18.0
-18.0
-18.0
-18.0
-18.0
-18.0
-18.0
-18.0
-18.0
-18.0
-18.0
-18.0
-18.0
-18.0
-18.0
-18.0
-19.0
-20.0
-20.0
-20.0
-20.0
-21.0
-22.0
-22.0
-22.0
-23.0
-24.0
-24.0
-24.0
-24.0
-24.0
-24.0
-24.0
-24.0
-24.0
-25.0
-26.0
-26.0
-27.0
-28.0
-29.0
-27.0
127.0
-25.0
-24.0
-24.0
80.0
-24.0
-24.0
51.0
-24.0
-25.0
48.0
-26.0
-25.0
-24.0
-23.0
-21.0
54.0
-19.0
38.0
-18.0
-17.0
39.0
-17.0
31.0
-20.0
30.0
-21.0
13.0
-22.0
12.0
-24.0
9.0
6.0
-24.0
-5.0
-20.0
-24.0
-24.0
-19.0
-24.0
-26.0
-26.0
-9.0
-27.0
-26.0
142.0
-29.0
-29.0
-28.0
137.0
-28.0
-28.0
115.0
-27.0
95.0
-26.0
-27.0
83.0
-28.0
72.0
-28.0
71.0
-28.0
44.0
-29.0
40.0
-30.0
30.0
-30.0
28.0
-31.0
2.0
-31.0
-4.0
-32.0
-18.0
-32.0
-32.0
-33.0
-33.0
-33.0
-33.0
-34.0
-36.0
-20.0
108.0
-36.0
-36.0
-36.0
9.0
-37.0
-38.0
-39.0
-40.0
-41.0
-42.0
-42.0
-42.0
-43.0
-44.0
-44.0
-44.0
-44.0
-45.0
-46.0
-47.0
-47.0
-49.0
-51.0
-51.0
-51.0
-52.0
-52.0
-53.0
-54.0
-55.0
-55.0
-55.0
-55.0
-49.0
595.0
-37.0
-31.0
-28.0
481.0
-25.0
-23.0
390.0
-24.0
24.0
218.0
-26.0
66.0
11.0
-10.0
37.0
-28.0
-6.0
-12.0
-30.0
-31.0
-31.0
-32.0
-33.0
-34.0
-34.0
-34.0
-35.0
-36.0
-36.0
-36.0
-36.0
-36.0
-36.0
-37.0
-39.0
-39.0
-39.0
-39.0
-40.0
-40.0
-40.0
-41.0
-41.0
-42.0
-43.0
-43.0
-43.0
-43.0
-44.0
-44.0
-45.0
-46.0
-46.0
-47.0
-47.0
-47.0
-48.0
-48.0
-48.0
-48.0
-49.0
-49.0
-49.0
-49.0
-49.0
-49.0
-49.0
-49.0
-49.0
-50.0
-50.0
-51.0
-51.0
-51.0
-51.0
-51.0
-51.0
-52.0
-52.0
-52.0
-52.0
-52.0
-52.0
-53.0
-54.0
-54.0
-55.0
-55.0
-55.0
-55.0
-55.0
-56.0
-56.0
128.0
92.0
-55.0
-53.0
-50.0
268.0
-51.0
-53.0
221.0
-51.0
-50.0
38.0
-45.0
-50.0
129.0
-52.0
-53.0
114.0
-55.0
-54.0
-3.0
-52.0
-53.0
-10.0
-53.0
-54.0
122.0
-56.0
-57.0
112.0
-58.0
83.0
-63.0
-63.0
-64.0
-31.0
-66.0
-45.0
-42.0
-66.0
-66.0
-69.0
-67.0
-67.0
-56.0
-46.0
198.0
-67.0
-69.0
-66.0
107.0
-65.0
-66.0
90.0
-62.0
-59.0
-4.0
-63.0
-63.0
-11.0
62.0
-64.0
-65.0
140.0
-64.0
-60.0
-5.0
-63.0
-20.0
-36.0
89.0
-72.0
-61.0
-74.0
-36.0
-74.0
-16.0
-75.0
-75.0
-75.0
-74.0
82.0
-74.0
87.0
-74.0
-73.0
266.0
-46.0
-63.0
-67.0
85.0
-72.0
-73.0
-9.0
-77.0
-45.0
-62.0
-57.0
-75.0
-81.0
-84.0
-85.0
-82.0
-85.0
-86.0
-89.0
-87.0
-86.0
-83.0
-85.0
-84.0
-84.0
-84.0
-85.0
-86.0
-84.0
-88.0
-89.0
-93.0
-97.0
-92.0
523.0
-84.0
-78.0
-72.0
347.0
-16.0
-69.0
217.0
-34.0
-72.0
129.0
-74.0
-15.0
-50.0
-74.0
-68.0
-73.0
-71.0
-72.0
-72.0
-73.0
-73.0
-75.0
-75.0
-77.0
-78.0
-78.0
-77.0
-78.0
-77.0
-79.0
-80.0
-81.0
-81.0
-82.0
-84.0
-81.0
-80.0
-79.0
-77.0
-80.0
-81.0
-83.0
-83.0
-84.0
-84.0
-82.0
-83.0
-81.0
-82.0
-83.0
-84.0
-85.0
-87.0
-88.0
-88.0
-87.0
-85.0
-83.0
-83.0
-85.0
-84.0
-87.0
-88.0
-89.0
-90.0
-91.0
-88.0
-87.0
-83.0
-85.0
-86.0
-87.0
-87.0
-87.0
-88.0
-86.0
-85.0
-90.0
-91.0
-91.0
-92.0
-93.0
-93.0
-93.0
-94.0
-94.0
-94.0
-96.0
-93.0
-94.0
-94.0
-94.0
-94.0
-94.0
219.0
-94.0
-93.0
-92.0
219.0
-91.0
52.0
-94.0
-93.0
-93.0
-92.0
64.0
57.0
-90.0
119.0
45.0
-91.0
-92.0
-93.0
55.0
-90.0
-92.0
33.0
-90.0
-93.0
-96.0
87.0
-99.0
-99.0
78.0
-104.0
-105.0
1.0
-108.0
-108.0
-4.0
-109.0
-109.0
40.0
-108.0
-54.0
-108.0
-108.0
-110.0
-108.0
301.0
-107.0
-106.0
-107.0
96.0
-112.0
-112.0
128.0
-107.0
-106.0
-107.0
-111.0
104.0
-110.0
218.0
-114.0
-112.0
-113.0
106.0
-115.0
-116.0
89.0
-121.0
-121.0
95.0
78.0
-117.0
94.0
-118.0
-115.0
-117.0
93.0
-117.0
96.0
-116.0
87.0
-119.0
-115.0
61.0
-114.0
149.0
-108.0
-108.0
-108.0
140.0
-106.0
-104.0
110.0
-106.0
-50.0
-18.0
-114.0
-117.0
-66.0
-122.0
-74.0
-121.0
-103.0
-127.0
-131.0
-131.0
-130.0
-128.0
-129.0
-132.0
-131.0
-131.0
-132.0
-132.0
-134.0
-131.0
-128.0
-127.0
-131.0
-8.0
414.0
-115.0
-110.0
-105.0
410.0
-92.0
-90.0
296.0
-88.0
-90.0
206.0
-89.0
66.0
-19.0
-83.0
2.0
-86.0
-11.0
-86.0
-42.0
-66.0
-81.0
-82.0
-91.0
-89.0
-97.0
-99.0
-97.0
-96.0
-97.0
-97.0
-97.0
-96.0
-93.0
-94.0
-97.0
-95.0
-95.0
-97.0
-98.0
-98.0
-96.0
-94.0
-96.0
-98.0
-95.0
-93.0
-92.0
-94.0
-93.0
-91.0
-93.0
-95.0
-97.0
-95.0
-95.0
-96.0
-93.0
-92.0
-95.0
-94.0
-95.0
-96.0
-99.0
-97.0
-95.0
-96.0
-98.0
-97.0
-96.0
-96.0
-97.0
-102.0
-101.0
-102.0
-105.0
-107.0
-107.0
-105.0
-107.0
-109.0
-111.0
-113.0
-114.0
-116.0
-117.0
-117.0
-117.0
-119.0
-121.0
-119.0
-122.0
-122.0
-122.0
-117.0
596.0
-116.0
-115.0
-114.0
112.0
-113.0
-114.0
203.0
-117.0
-117.0
-117.0
-118.0
83.0
-118.0
-118.0
-119.0
166.0
-121.0
-120.0
212.0
-124.0
-122.0
-121.0
59.0
-123.0
-124.0
-124.0
157.0
-128.0
-125.0
249.0
-121.0
161.0
-111.0
-122.0
-119.0
-121.0
67.0
-124.0
392.0
-126.0
-126.0
-126.0
153.0
331.0
-119.0
-118.0
-116.0
-118.0
413.0
-124.0
-129.0
215.0
-125.0
-119.0
-118.0
138.0
258.0
-125.0
-128.0
212.0
-132.0
-128.0
-125.0
312.0
-121.0
247.0
-117.0
-120.0
209.0
-118.0
-119.0
596.0
-116.0
-113.0
203.0
-118.0
-122.0
-123.0
247.0
-117.0
257.0
-114.0
-115.0
-115.0
160.0
-114.0
210.0
-111.0
101.0
-99.0
-98.0
-36.0
-28.0
-105.0
-1.0
-108.0
-110.0
-27.0
-99.0
-66.0
-112.0
-116.0
-85.0
-117.0
-97.0
-109.0
-118.0
-116.0
-111.0
-111.0
-113.0
-108.0
-112.0
-115.0
-115.0
-117.0
-118.0
-118.0
-111.0
523.0
-102.0
-97.0
-91.0
484.0
-83.0
-80.0
217.0
71.0
-15.0
170.0
-36.0
-17.0
112.0
-43.0
-3.0
-83.0
-59.0
-92.0
-92.0
-91.0
-94.0
-94.0
-92.0
-95.0
-93.0
-96.0
-93.0
-94.0
-94.0
-93.0
-93.0
-90.0
-89.0
-91.0
-92.0
-93.0
-94.0
-97.0
-97.0
-95.0
-95.0
-94.0
-93.0
-91.0
-89.0
-88.0
-90.0
-91.0
-91.0
-91.0
-91.0
-92.0
-89.0
-91.0
-92.0
-94.0
-98.0
-98.0
-100.0
-101.0
-102.0
-102.0
-100.0
-99.0
-99.0
-101.0
-103.0
-104.0
-107.0
-108.0
-108.0
-108.0
-107.0
-109.0
-107.0
-109.0
-109.0
-110.0
-110.0
-111.0
-112.0
-113.0
-114.0
-116.0
-118.0
-120.0
-120.0
-123.0
-124.0
-126.0
-126.0
-127.0
-128.0
-126.0
227.0
-126.0
-125.0
-124.0
441.0
-124.0
-125.0
-125.0
203.0
-122.0
-121.0
-120.0
280.0
-119.0
-122.0
314.0
-119.0
-118.0
221.0
-119.0
-119.0
-117.0
-116.0
272.0
-121.0
-121.0
231.0
-122.0
-122.0
268.0
-120.0
-124.0
-127.0
265.0
-130.0
-128.0
-130.0
-130.0
220.0
387.0
246.0
-127.0
-126.0
-125.0
-123.0
903.0
228.0
-115.0
-113.0
620.0
-111.0
251.0
307.0
138.0
-112.0
328.0
-115.0
289.0
-121.0
425.0
-119.0
368.0
-123.0
-120.0
-122.0
-118.0
294.0
-118.0
613.0
-123.0
-128.0
-124.0
298.0
-126.0
-123.0
-123.0
-125.0
306.0
-125.0
381.0
-128.0
-126.0
308.0
-126.0
306.0
222.0
-116.0
-114.0
-115.0
617.0
-113.0
-113.0
126.0
-112.0
-109.0
41.0
-109.0
-9.0
-115.0
-104.0
-77.0
-115.0
-94.0
-114.0
-117.0
-115.0
-116.0
-119.0
-121.0
-125.0
-124.0
-125.0
-125.0
-127.0
-125.0
-127.0
-132.0
-132.0
-133.0
-130.0
521.0
-120.0
-112.0
-111.0
448.0
-104.0
-102.0
207.0
72.0
-12.0
184.0
-98.0
46.0
-21.0
-20.0
-60.0
-54.0
-85.0
-93.0
-97.0
-96.0
-97.0
-99.0
-99.0
-100.0
-102.0
-102.0
-102.0
-102.0
-102.0
-100.0
-99.0
-99.0
-100.0
-100.0
-101.0
-101.0
-101.0
-101.0
-99.0
-97.0
-99.0
-98.0
-97.0
-97.0
-97.0
-97.0
-99.0
-98.0
-98.0
-99.0
-99.0
-100.0
-99.0
-95.0
-99.0
-97.0
-99.0
-100.0
-102.0
-102.0
-102.0
-100.0
-102.0
-98.0
-95.0
-96.0
-96.0
-97.0
-97.0
-98.0
-99.0
-99.0
-103.0
-103.0
-106.0
-107.0
-108.0
-109.0
-107.0
-107.0
-108.0
-109.0
-111.0
-111.0
-113.0
-115.0
-116.0
-116.0
-115.0
-116.0
-116.0
-117.0
-118.0
-117.0
744.0
-117.0
-115.0
-113.0
426.0
-112.0
-113.0
402.0
-112.0
-115.0
292.0
-114.0
-114.0
-114.0
404.0
-113.0
-110.0
297.0
-112.0
296.0
-111.0
-110.0
-111.0
427.0
-114.0
-113.0
-107.0
414.0
-115.0
-115.0
294.0
-114.0
191.0
316.0
-109.0
174.0
-109.0
-109.0
-111.0
422.0
-109.0
326.0
-110.0
-114.0
-112.0
619.0
-115.0
-114.0
-113.0
496.0
-111.0
-115.0
417.0
329.0
-117.0
411.0
342.0
-114.0
306.0
-116.0
432.0
-115.0
-115.0
332.0
-115.0
800.0
-115.0
-114.0
-113.0
350.0
-116.0
-118.0
-117.0
344.0
-119.0
-124.0
334.0
-114.0
154.0
-119.0
-121.0
-116.0
356.0
-118.0
-117.0
176.0
-117.0
-116.0
-116.0
148.0
-113.0
-118.0
87.0
-121.0
-123.0
-26.0
-124.0
-89.0
-117.0
-122.0
-115.0
-116.0
-120.0
-122.0
-126.0
-127.0
-128.0
-125.0
-129.0
-132.0
-134.0
-133.0
-137.0
-136.0
-135.0
-137.0
-136.0
-138.0
-140.0
-134.0
491.0
-122.0
-114.0
-102.0
448.0
-94.0
-91.0
290.0
5.0
-86.0
218.0
3.0
52.0
78.0
-38.0
23.0
1.0
-74.0
-37.0
-68.0
-50.0
-74.0
-58.0
-89.0
-77.0
-91.0
-88.0
-90.0
-89.0
-92.0
-94.0
-91.0
-91.0
-90.0
-87.0
-91.0
-91.0
-92.0
-91.0
-92.0
-93.0
-93.0
-92.0
-93.0
-94.0
-95.0
-95.0
-92.0
-91.0
-89.0
-88.0
-87.0
-88.0
-89.0
-90.0
-88.0
-88.0
-90.0
-91.0
-90.0
-88.0
-92.0
-92.0
-92.0
-92.0
-92.0
-93.0
-93.0
-95.0
-95.0
-97.0
-94.0
-95.0
-97.0
-97.0
-99.0
-99.0
-100.0
-101.0
-101.0
-102.0
-100.0
-101.0
-102.0
-103.0
-106.0
-106.0
-108.0
-107.0
-107.0
-108.0
-105.0
-106.0
-106.0
-104.0
1170.0
-102.0
-101.0
-101.0
805.0
-103.0
-100.0
506.0
-101.0
-101.0
-103.0
-102.0
226.0
-102.0
-101.0
623.0
-97.0
859.0
-98.0
-101.0
-101.0
329.0
-102.0
360.0
-103.0
-107.0
-106.0
-107.0
-108.0
322.0
-111.0
984.0
-114.0
-113.0
-114.0
321.0
-113.0
-113.0
-113.0
237.0
240.0
238.0
-112.0
-112.0
-109.0
1014.0
150.0
-103.0
-103.0
1278.0
-102.0
-104.0
776.0
144.0
-107.0
329.0
-112.0
-113.0
436.0
-114.0
339.0
-114.0
-114.0
322.0
-114.0
-116.0
330.0
609.0
-120.0
336.0
-117.0
1024.0
-115.0
-117.0
-120.0
375.0
-116.0
-120.0
-120.0
240.0
-116.0
1024.0
-118.0
-114.0
-116.0
205.0
-93.0
-108.0
-105.0
111.0
-107.0
-114.0
-21.0
-120.0
-119.0
-62.0
-118.0
-104.0
-95.0
-119.0
-124.0
-122.0
-126.0
-123.0
-127.0
-125.0
-124.0
-125.0
-120.0
-123.0
-125.0
-125.0
-125.0
-124.0
-123.0
-120.0
-122.0
-123.0
-123.0
-121.0
515.0
-113.0
-105.0
-95.0
368.0
14.0
-88.0
291.0
-21.0
-90.0
287.0
-84.0
54.0
-19.0
-75.0
48.0
-90.0
-45.0
-75.0
-85.0
-86.0
-87.0
-87.0
-87.0
-86.0
-87.0
-87.0
-89.0
-92.0
-93.0
-91.0
-92.0
-92.0
-90.0
-92.0
-91.0
-92.0
-92.0
-93.0
-95.0
-92.0
-88.0
-90.0
-93.0
-94.0
-89.0
-89.0
-91.0
-91.0
-91.0
-91.0
-92.0
-93.0
-93.0
-93.0
-93.0
-91.0
-90.0
-90.0
-92.0
-92.0
-94.0
-95.0
-95.0
-95.0
-95.0
-95.0
-93.0
-91.0
-93.0
-94.0
-95.0
-96.0
-96.0
-96.0
-96.0
-96.0
-97.0
-95.0
-96.0
-98.0
-99.0
-101.0
-100.0
-101.0
-104.0
-105.0
-108.0
-107.0
-109.0
-111.0
-109.0
-110.0
-110.0
-109.0
796.0
-109.0
-107.0
-106.0
699.0
-107.0
-105.0
303.0
-107.0
-108.0
-106.0
212.0
-107.0
-108.0
309.0
-107.0
-106.0
214.0
-106.0
-103.0
-100.0
-102.0
517.0
-105.0
-105.0
320.0
-106.0
-106.0
560.0
-104.0
-104.0
330.0
-102.0
526.0
-103.0
-103.0
-100.0
-101.0
334.0
-106.0
1201.0
-107.0
-109.0
-110.0
-110.0
428.0
-112.0
-110.0
-115.0
550.0
-118.0
-118.0
549.0
140.0
-116.0
-116.0
422.0
-115.0
-113.0
563.0
-115.0
-116.0
562.0
-116.0
-116.0
-117.0
279.0
-111.0
-113.0
365.0
-115.0
-118.0
576.0
-118.0
-114.0
289.0
-115.0
-113.0
288.0
-112.0
-110.0
-110.0
256.0
-115.0
-114.0
39.0
32.0
-112.0
-112.0
40.0
4.0
-105.0
5.0
-112.0
-83.0
-14.0
-111.0
-92.0
-107.0
-107.0
-110.0
-112.0
-110.0
-111.0
-114.0
-113.0
-113.0
-110.0
-109.0
-108.0
-111.0
-110.0
-108.0
-112.0
-114.0
-116.0
-114.0
-113.0
-109.0
19.0
427.0
-93.0
-89.0
-90.0
430.0
-91.0
-87.0
291.0
-44.0
-87.0
165.0
-77.0
-92.0
-87.0
-87.0
-87.0
-87.0
-89.0
-91.0
-92.0
-94.0
-92.0
-88.0
-88.0
-88.0
-85.0
-86.0
-89.0
-88.0
-91.0
-88.0
-90.0
-87.0
-88.0
-90.0
-91.0
-91.0
-92.0
-95.0
-95.0
-96.0
-94.0
-94.0
-95.0
-93.0
-93.0
-94.0
-95.0
-97.0
-97.0
-98.0
-97.0
-97.0
-101.0
-97.0
-101.0
-102.0
-103.0
-104.0
-102.0
-103.0
-103.0
-105.0
-105.0
-106.0
-108.0
-108.0
-108.0
-109.0
-109.0
-108.0
-108.0
-109.0
-109.0
-111.0
-110.0
-113.0
-113.0
-116.0
-118.0
-118.0
-118.0
-119.0
-120.0
-116.0
-114.0
-112.0
-114.0
-114.0
-114.0
-116.0
-116.0
-117.0
-118.0
-116.0
1094.0
-112.0
-111.0
-110.0
1195.0
-112.0
-111.0
232.0
-111.0
-110.0
-107.0
-106.0
297.0
-107.0
232.0
-108.0
-106.0
-106.0
322.0
-106.0
-107.0
-104.0
-105.0
238.0
-103.0
-101.0
-101.0
314.0
-101.0
-103.0
238.0
-106.0
233.0
335.0
-108.0
-110.0
229.0
-106.0
-109.0
-107.0
1393.0
-94.0
-108.0
-106.0
-105.0
1075.0
-100.0
-97.0
-96.0
321.0
-96.0
-95.0
-97.0
327.0
-97.0
-98.0
1414.0
-103.0
-102.0
-102.0
-101.0
317.0
-106.0
-108.0
318.0
-108.0
-108.0
-102.0
-107.0
322.0
-103.0
-103.0
323.0
-107.0
-103.0
336.0
-99.0
-104.0
496.0
-107.0
-105.0
336.0
-105.0
-103.0
-107.0
197.0
-105.0
-105.0
-104.0
15.0
36.0
-101.0
4.0
13.0
332.0
94.0
-111.0
-69.0
-86.0
-118.0
-109.0
-121.0
-121.0
-123.0
-125.0
-128.0
-131.0
-131.0
-128.0
-125.0
-125.0
-123.0
-123.0
-126.0
-129.0
-131.0
-133.0
-134.0
-138.0
-133.0
402.0
-118.0
-111.0
-106.0
292.0
-101.0
-103.0
29.0
-52.0
-100.0
9.0
-103.0
-49.0
-92.0
-102.0
-102.0
-96.0
-98.0
-100.0
-101.0
-105.0
-110.0
-108.0
-107.0
-107.0
-104.0
-106.0
-102.0
-106.0
-110.0
-112.0
-113.0
-110.0
-109.0
-112.0
-110.0
-107.0
-107.0
-111.0
-114.0
-111.0
-114.0
-115.0
-112.0
-109.0
-107.0
-108.0
-109.0
-113.0
-115.0
-115.0
-117.0
-117.0
-115.0
-113.0
-113.0
-114.0
-114.0
-115.0
-115.0
-111.0
-112.0
-113.0
-115.0
-114.0
-114.0
-114.0
-114.0
-115.0
-115.0
-113.0
-114.0
-115.0
-115.0
-114.0
-114.0
-114.0
-114.0
-114.0
-115.0
-113.0
-114.0
-114.0
-115.0
-115.0
-114.0
-114.0
-114.0
-115.0
-115.0
-116.0
-114.0
-111.0
-110.0
-107.0
1979.0
-106.0
-103.0
-104.0
512.0
-108.0
-110.0
304.0
-109.0
-106.0
-105.0
-104.0
530.0
-105.0
-104.0
315.0
-105.0
313.0
292.0
-107.0
-108.0
-109.0
-111.0
291.0
-109.0
-112.0
300.0
-112.0
-111.0
400.0
-111.0
315.0
-110.0
-110.0
-111.0
306.0
-112.0
-113.0
505.0
-112.0
-112.0
-115.0
308.0
-113.0
-111.0
508.0
-109.0
-106.0
826.0
-107.0
-107.0
-107.0
503.0
-108.0
-108.0
-106.0
-108.0
443.0
-107.0
-108.0
769.0
-105.0
-102.0
511.0
-100.0
-98.0
-99.0
323.0
-99.0
-100.0
319.0
-100.0
318.0
516.0
318.0
-95.0
545.0
-95.0
329.0
-93.0
-91.0
-94.0
702.0
-95.0
-93.0
52.0
70.0
-93.0
-90.0
37.0
-92.0
-12.0
-11.0
-92.0
-93.0
0.0
-92.0
-42.0
-93.0
-95.0
-83.0
-95.0
-91.0
-79.0
-87.0
-89.0
-90.0
-88.0
-91.0
-90.0
-93.0
-90.0
-91.0
-91.0
-93.0
-95.0
-94.0
-97.0
-101.0
-99.0
304.0
-94.0
-95.0
-93.0
24.0
-53.0
-90.0
-88.0
-81.0
-89.0
-89.0
-86.0
-86.0
-87.0
-86.0
-85.0
-84.0
-82.0
-85.0
-87.0
-88.0
-88.0
-84.0
-86.0
-84.0
-83.0
-83.0
-85.0
-86.0
-89.0
-87.0
-90.0
-92.0
-90.0
-90.0
-91.0
-92.0
-90.0
-89.0
-91.0
-91.0
-90.0
-89.0
-89.0
-88.0
-88.0
-87.0
-89.0
-91.0
-93.0
-93.0
-91.0
-94.0
-92.0
-95.0
-94.0
-96.0
-97.0
-96.0
-96.0
-97.0
-96.0
-91.0
-90.0
-92.0
-93.0
-92.0
-92.0
-93.0
-91.0
-90.0
-90.0
-89.0
-89.0
-92.0
-90.0
-90.0
-93.0
-92.0
-94.0
-98.0
-99.0
-101.0
-101.0
-102.0
-105.0
-104.0
-104.0
-103.0
-105.0
-105.0
-109.0
-110.0
-109.0
-108.0
2156.0
-109.0
-106.0
-110.0
906.0
-114.0
-113.0
-114.0
288.0
-114.0
-114.0
-112.0
397.0
-110.0
299.0
-112.0
-111.0
293.0
347.0
-109.0
-108.0
299.0
-108.0
-109.0
-110.0
-109.0
246.0
-106.0
-104.0
541.0
-101.0
341.0
-103.0
-102.0
-102.0
-102.0
368.0
-102.0
364.0
-104.0
-103.0
231.0
-105.0
374.0
-106.0
1312.0
-101.0
-102.0
1527.0
-99.0
-101.0
-101.0
494.0
-103.0
-101.0
-109.0
492.0
-107.0
-105.0
-109.0
-107.0
496.0
-108.0
-112.0
1824.0
-111.0
-111.0
497.0
-112.0
-111.0
-109.0
295.0
-109.0
501.0
-106.0
-110.0
298.0
-111.0
-111.0
291.0
-111.0
509.0
-108.0
-107.0
-104.0
169.0
-105.0
-101.0
-103.0
134.0
-98.0
-98.0
40.0
-103.0
-101.0
-89.0
-99.0
-99.0
-99.0
-99.0
-97.0
-101.0
38.0
-104.0
-108.0
-110.0
-111.0
-109.0
-110.0
-109.0
-107.0
-110.0
-115.0
-115.0
-113.0
-112.0
-113.0
-106.0
-105.0
-96.0
504.0
-88.0
-89.0
-86.0
283.0
-84.0
-84.0
19.0
-56.0
-93.0
-86.0
-92.0
-95.0
-94.0
-91.0
-92.0
-92.0
-92.0
-92.0
-94.0
-98.0
-95.0
-94.0
-91.0
-89.0
-94.0
-90.0
-88.0
-86.0
-91.0
-91.0
-88.0
-90.0
-89.0
-92.0
-90.0
-89.0
-91.0
-94.0
-98.0
-96.0
-97.0
-96.0
-98.0
-97.0
-98.0
-102.0
-102.0
-103.0
-102.0
-103.0
-103.0
-102.0
-103.0
-103.0
-105.0
-104.0
-102.0
-99.0
-102.0
-103.0
-103.0
-103.0
-101.0
-103.0
-99.0
-100.0
-102.0
-105.0
-106.0
-105.0
-105.0
-105.0
-104.0
-103.0
-103.0
-103.0
-103.0
-103.0
-102.0
-102.0
-103.0
-101.0
-103.0
-103.0
-104.0
-105.0
-105.0
-105.0
-106.0
-107.0
-106.0
-107.0
-107.0
-106.0
399.0
-102.0
-100.0
-102.0
540.0
-100.0
-101.0
403.0
-102.0
-102.0
-104.0
417.0
-105.0
397.0
-106.0
541.0
-101.0
-100.0
423.0
-104.0
-100.0
-99.0
-100.0
547.0
-100.0
918.0
-98.0
-97.0
-99.0
-97.0
806.0
1998.0
-100.0
434.0
-99.0
-100.0
-100.0
277.0
-102.0
-104.0
107.0
-105.0
1984.0
133.0
1351.0
472.0
-98.0
-96.0
-95.0
699.0
694.0
-96.0
484.0
-94.0
-96.0
-96.0
503.0
-94.0
-93.0
-94.0
501.0
-92.0
495.0
508.0
-91.0
-91.0
484.0
-89.0
-85.0
-85.0
313.0
-84.0
580.0
-83.0
-83.0
-84.0
327.0
318.0
2066.0
-80.0
317.0
316.0
-73.0
-70.0
183.0
179.0
-69.0
-71.0
-74.0
72.0
-73.0
-74.0
4.0
-76.0
-77.0
-81.0
-82.0
-82.0
-85.0
-82.0
-83.0
-80.0
-81.0
-83.0
-81.0
-82.0
-85.0
-87.0
-88.0
-89.0
-89.0
-93.0
-95.0
-90.0
-93.0
-93.0
-95.0
-94.0
-99.0
-95.0
412.0
-86.0
-86.0
-87.0
96.0
-37.0
-91.0
-90.0
-86.0
-91.0
-92.0
-90.0
-91.0
-94.0
-94.0
-92.0
-91.0
-88.0
-91.0
-89.0
-92.0
-93.0
-93.0
-96.0
-97.0
-99.0
-96.0
-94.0
-94.0
-93.0
-94.0
-95.0
-96.0
-97.0
-96.0
-98.0
-98.0
-94.0
-89.0
-91.0
-96.0
-95.0
-99.0
-100.0
-101.0
-101.0
-99.0
-98.0
-97.0
-95.0
-98.0
-99.0
-102.0
-102.0
-104.0
-104.0
-105.0
-107.0
-105.0
-103.0
-103.0
-106.0
-107.0
-105.0
-106.0
-106.0
-106.0
-108.0
-108.0
-108.0
-108.0
-105.0
-105.0
-104.0
-106.0
-106.0
-109.0
-107.0
-109.0
-110.0
-110.0
-110.0
-110.0
-111.0
-108.0
-109.0
-110.0
-108.0
-109.0
-110.0
-110.0
-110.0
-110.0
-110.0
-106.0
1294.0
-104.0
-103.0
597.0
-103.0
-102.0
-102.0
285.0
-106.0
-108.0
-106.0
292.0
-106.0
-108.0
285.0
242.0
-106.0
-105.0
-107.0
291.0
-104.0
-106.0
296.0
-110.0
-108.0
-112.0
591.0
-110.0
-113.0
290.0
-115.0
-110.0
-109.0
258.0
-108.0
-109.0
2151.0
-108.0
-109.0
264.0
-109.0
-109.0
-110.0
300.0
-107.0
1293.0
-104.0
-101.0
-99.0
1254.0
-99.0
-100.0
392.0
309.0
-98.0
361.0
-101.0
2236.0
363.0
613.0
547.0
-99.0
-98.0
310.0
-98.0
-98.0
2244.0
-96.0
-97.0
-97.0
311.0
-102.0
2261.0
-97.0
-94.0
351.0
-93.0
-92.0
137.0
-94.0
-94.0
368.0
-91.0
141.0
-94.0
-89.0
511.0
-93.0
-93.0
-95.0
-95.0
62.0
140.0
-93.0
53.0
-90.0
-87.0
-64.0
-88.0
-89.0
-84.0
-92.0
-92.0
-91.0
-87.0
-86.0
-87.0
-88.0
-90.0
-90.0
-88.0
-90.0
-90.0
-91.0
-93.0
-94.0
-94.0
-90.0
-89.0
-82.0
383.0
-73.0
-72.0
-69.0
193.0
-77.0
-78.0
-77.0
-72.0
-78.0
-76.0
-77.0
-79.0
-82.0
-83.0
-85.0
-87.0
-86.0
-86.0
-83.0
-86.0
-86.0
-86.0
-88.0
-89.0
-88.0
-87.0
-91.0
-91.0
-93.0
-95.0
-95.0
-93.0
-91.0
-92.0
-95.0
-98.0
-97.0
-99.0
-100.0
-97.0
-95.0
-94.0
-96.0
-99.0
-99.0
-99.0
-99.0
-100.0
-99.0
-96.0
-95.0
-96.0
-98.0
-98.0
-99.0
-99.0
-99.0
-100.0
-97.0
-97.0
-98.0
-99.0
-99.0
-99.0
-100.0
-100.0
-100.0
-99.0
-99.0
-99.0
-100.0
-100.0
-100.0
-100.0
-100.0
-101.0
-102.0
-102.0
-104.0
-105.0
-107.0
-108.0
-109.0
-110.0
-110.0
-111.0
-112.0
-112.0
-112.0
-113.0
-112.0
-113.0
-113.0
-113.0
489.0
-111.0
-109.0
-107.0
469.0
-104.0
-104.0
411.0
-101.0
436.0
287.0
-100.0
281.0
-103.0
420.0
-96.0
-96.0
305.0
-95.0
-95.0
304.0
-93.0
-96.0
2679.0
-96.0
486.0
-96.0
-96.0
174.0
-93.0
-88.0
-90.0
179.0
282.0
-87.0
421.0
-88.0
185.0
-89.0
-87.0
188.0
-87.0
235.0
-84.0
-85.0
1159.0
241.0
-80.0
-79.0
1013.0
-75.0
-75.0
333.0
-75.0
-72.0
405.0
-74.0
-73.0
-72.0
164.0
-79.0
-84.0
158.0
-84.0
-85.0
-85.0
271.0
-82.0
-84.0
-86.0
407.0
-87.0
2408.0
-88.0
-84.0
277.0
-86.0
-82.0
-84.0
173.0
-84.0
-81.0
426.0
-85.0
-84.0
117.0
-80.0
-80.0
-84.0
173.0
-81.0
-82.0
-85.0
-85.0
-84.0
-85.0
-84.0
-78.0
-76.0
-74.0
-74.0
-80.0
-80.0
-81.0
-81.0
-82.0
-78.0
-76.0
-76.0
-79.0
-83.0
-89.0
-89.0
-93.0
-93.0
-94.0
-93.0
-91.0
-89.0
-83.0
-16.0
-83.0
-85.0
-83.0
-83.0
-84.0
-81.0
-82.0
-84.0
-80.0
-85.0
-84.0
-86.0
-87.0
-88.0
-88.0
-87.0
-86.0
-88.0
-89.0
-90.0
-90.0
-88.0
-89.0
-89.0
-86.0
-83.0
-83.0
-86.0
-84.0
-83.0
-83.0
-86.0
-87.0
-86.0
-85.0
-86.0
-88.0
-90.0
-93.0
-91.0
-91.0
-91.0
-89.0
-88.0
-89.0
-89.0
-89.0
-89.0
-86.0
-86.0
-86.0
-85.0
-86.0
-86.0
-87.0
-88.0
-87.0
-86.0
-87.0
-88.0
-89.0
-88.0
-90.0
-92.0
-95.0
-97.0
-96.0
-99.0
-99.0
-102.0
-104.0
-102.0
-106.0
-104.0
-109.0
-110.0
-111.0
-111.0
-111.0
-112.0
-112.0
-110.0
-111.0
-111.0
-111.0
-112.0
-113.0
-112.0
-113.0
-110.0
-111.0
-111.0
-111.0
-110.0
2844.0
-108.0
-107.0
-104.0
670.0
-104.0
-100.0
393.0
-99.0
-100.0
392.0
-96.0
-95.0
-96.0
332.0
-96.0
-96.0
344.0
-97.0
-95.0
-97.0
342.0
-99.0
-98.0
120.0
-98.0
-101.0
-101.0
409.0
-105.0
-105.0
-104.0
-102.0
-100.0
294.0
-100.0
343.0
-100.0
-100.0
-100.0
305.0
-94.0
-98.0
-98.0
-98.0
868.0
-94.0
-90.0
-87.0
870.0
-88.0
-86.0
743.0
-85.0
-85.0
-85.0
-83.0
538.0
-81.0
457.0
-86.0
-86.0
-91.0
451.0
-90.0
-86.0
-88.0
233.0
-94.0
2560.0
-94.0
-91.0
235.0
-94.0
-94.0
-94.0
-93.0
457.0
-90.0
-88.0
243.0
-88.0
243.0
-92.0
-91.0
-16.0
-86.0
-85.0
-84.0
-82.0
-82.0
-86.0
-89.0
-90.0
-90.0
-89.0
-91.0
-89.0
242.0
-88.0
-92.0
-93.0
-91.0
-90.0
-92.0
-91.0
-90.0
-91.0
-94.0
-92.0
-92.0
-90.0
-88.0
-88.0
-87.0
-86.0
-86.0
-86.0
-88.0
-77.0
48.0
-79.0
-81.0
-81.0
-65.0
-84.0
-86.0
-87.0
-92.0
-96.0
-97.0
-98.0
-98.0
-91.0
-92.0
-91.0
-92.0
-93.0
-93.0
-94.0
-93.0
-93.0
-90.0
-88.0
-88.0
-84.0
-88.0
-86.0
-90.0
-89.0
-92.0
-93.0
-88.0
-87.0
-89.0
-93.0
-91.0
-90.0
-91.0
-93.0
-92.0
-92.0
-91.0
-90.0
-91.0
-93.0
-95.0
-98.0
-99.0
-98.0
-99.0
-97.0
-99.0
-101.0
-104.0
-104.0
-106.0
-108.0
-109.0
-109.0
-108.0
-108.0
-109.0
-110.0
-110.0
-112.0
-112.0
-113.0
-113.0
-113.0
-113.0
-111.0
-111.0
-111.0
-111.0
-112.0
-112.0
-112.0
-113.0
-113.0
-113.0
-110.0
-109.0
-107.0
-106.0
-108.0
-108.0
-110.0
-111.0
-111.0
-112.0
-110.0
-110.0
-112.0
-112.0
295.0
-110.0
-108.0
-108.0
579.0
-104.0
-104.0
445.0
-100.0
-103.0
-104.0
305.0
-103.0
-102.0
-102.0
473.0
-98.0
-96.0
-97.0
314.0
-94.0
-96.0
317.0
-95.0
-95.0
-94.0
364.0
-95.0
-92.0
-90.0
326.0
-93.0
-92.0
837.0
-93.0
-94.0
350.0
-92.0
623.0
-90.0
-90.0
175.0
-95.0
-95.0
-92.0
721.0
-93.0
-91.0
-89.0
306.0
-90.0
-91.0
404.0
353.0
-95.0
-96.0
302.0
-92.0
-94.0
535.0
-89.0
-87.0
425.0
-90.0
-86.0
-87.0
410.0
-91.0
304.0
-91.0
-89.0
314.0
-90.0
577.0
-91.0
-85.0
420.0
-84.0
235.0
-81.0
-82.0
228.0
327.0
-85.0
-86.0
74.0
-87.0
-83.0
329.0
-85.0
-83.0
-86.0
-86.0
-87.0
-89.0
-90.0
-89.0
-86.0
-85.0
-81.0
-84.0
-83.0
-87.0
-84.0
-85.0
-85.0
-86.0
-87.0
-83.0
-86.0
-87.0
-87.0
-90.0
-91.0
-89.0
-89.0
-92.0
-91.0
-90.0
-84.0
54.0
-88.0
-89.0
-87.0
-89.0
-91.0
-93.0
-93.0
-93.0
-92.0
-90.0
-90.0
-83.0
-84.0
-88.0
-88.0
-89.0
-94.0
-93.0
-94.0
-93.0
-92.0
-93.0
-85.0
-83.0
-81.0
-85.0
-87.0
-90.0
-92.0
-94.0
-96.0
-96.0
-92.0
-91.0
-91.0
-89.0
-87.0
-89.0
-91.0
-93.0
-90.0
-92.0
-94.0
-95.0
-95.0
-95.0
-94.0
-95.0
-95.0
-97.0
-95.0
-97.0
-93.0
-91.0
-92.0
-90.0
-92.0
-91.0
-94.0
-94.0
-93.0
-93.0
-90.0
-91.0
-92.0
-91.0
-93.0
-96.0
-97.0
-99.0
-99.0
-100.0
-98.0
-98.0
-99.0
-97.0
-98.0
-97.0
-100.0
-101.0
-103.0
-104.0
-104.0
-107.0
-107.0
-107.0
-107.0
-108.0
-108.0
-109.0
-109.0
-109.0
-109.0
-107.0
1082.0
-101.0
-101.0
-100.0
745.0
-98.0
-99.0
2692.0
-100.0
-101.0
315.0
-103.0
-103.0
-103.0
-104.0
328.0
-105.0
-104.0
313.0
-103.0
-101.0
-101.0
519.0
-104.0
-105.0
-104.0
337.0
-104.0
-104.0
337.0
-100.0
-101.0
-101.0
526.0
-101.0
749.0
-102.0
-102.0
-102.0
347.0
-100.0
349.0
-97.0
-97.0
-96.0
724.0
-93.0
-90.0
-92.0
493.0
-88.0
345.0
302.0
-89.0
-88.0
-87.0
402.0
-86.0
-83.0
-84.0
760.0
-84.0
-82.0
-81.0
1137.0
-82.0
-79.0
-81.0
292.0
-83.0
-84.0
-83.0
544.0
-86.0
369.0
97.0
-84.0
649.0
-84.0
500.0
-83.0
-87.0
328.0
300.0
-84.0
-81.0
-85.0
83.0
-81.0
-78.0
-79.0
-79.0
-82.0
-80.0
-85.0
-82.0
-80.0
-80.0
-83.0
-82.0
-82.0
-82.0
-80.0
-84.0
-80.0
-84.0
-88.0
-87.0
-89.0
-87.0
-85.0
-86.0
-84.0
-87.0
-87.0
-88.0
-88.0
-86.0
-84.0
-88.0
28.0
-87.0
-88.0
-91.0
-92.0
-90.0
-88.0
-90.0
-87.0
-90.0
-91.0
-91.0
-91.0
-89.0
-88.0
-86.0
-86.0
-87.0
-86.0
-85.0
-86.0
-89.0
-89.0
-88.0
-87.0
-86.0
-86.0
-86.0
-85.0
-85.0
-80.0
-82.0
-80.0
-80.0
-83.0
-84.0
-87.0
-88.0
-89.0
-89.0
-89.0
-85.0
-84.0
-86.0
-87.0
-89.0
-89.0
-89.0
-89.0
-87.0
-86.0
-82.0
-88.0
-90.0
-91.0
-90.0
-89.0
-90.0
-89.0
-91.0
-92.0
-94.0
-93.0
-94.0
-92.0
-92.0
-93.0
-94.0
-99.0
-98.0
-99.0
-99.0
-101.0
-102.0
-101.0
-103.0
-104.0
-104.0
-104.0
-102.0
-102.0
-103.0
-104.0
-105.0
-106.0
-106.0
-109.0
-109.0
-110.0
-112.0
-111.0
-115.0
-115.0
-114.0
-109.0
1110.0
-107.0
-107.0
-107.0
706.0
292.0
-105.0
138.0
-108.0
-108.0
507.0
316.0
-105.0
-101.0
-103.0
-104.0
444.0
396.0
326.0
-104.0
-104.0
-103.0
133.0
-99.0
-100.0
531.0
-98.0
-98.0
-98.0
376.0
-97.0
-98.0
547.0
-95.0
-93.0
383.0
-94.0
370.0
339.0
-90.0
-89.0
-89.0
-89.0
155.0
-89.0
1382.0
-82.0
-85.0
-84.0
1234.0
-84.0
-84.0
420.0
-82.0
-83.0
-82.0
411.0
-83.0
-76.0
525.0
-74.0
-73.0
-75.0
-80.0
422.0
-84.0
-87.0
-86.0
325.0
-88.0
703.0
-91.0
-89.0
-88.0
-87.0
392.0
-88.0
-85.0
333.0
-85.0
-80.0
533.0
-83.0
-83.0
-85.0
-86.0
-83.0
-85.0
-84.0
-86.0
-88.0
-79.0
-85.0
-86.0
-88.0
-88.0
-86.0
-88.0
-87.0
-89.0
-89.0
-88.0
-92.0
-85.0
-78.0
-82.0
-83.0
-82.0
-78.0
-82.0
-81.0
-84.0
-88.0
-85.0
-86.0
-88.0
-89.0
-89.0
-89.0
-87.0
-22.0
-87.0
-82.0
-82.0
-85.0
-85.0
-83.0
-87.0
-89.0
-87.0
-88.0
-88.0
-85.0
-81.0
-85.0
-88.0
-88.0
-90.0
-94.0
-94.0
-96.0
-94.0
-97.0
-93.0
-91.0
-95.0
-93.0
-95.0
-96.0
-95.0
-96.0
-96.0
-97.0
-100.0
-98.0
-98.0
-94.0
-97.0
-98.0
-99.0
-101.0
-101.0
-99.0
-99.0
-100.0
-95.0
-99.0
-99.0
-100.0
-101.0
-102.0
-102.0
-100.0
-101.0
-103.0
-103.0
-103.0
-103.0
-103.0
-102.0
-100.0
-99.0
-101.0
-102.0
-102.0
-102.0
-101.0
-100.0
-100.0
-103.0
-104.0
-100.0
-101.0
-102.0
-102.0
-101.0
-100.0
-101.0
-102.0
-102.0
-100.0
-101.0
-99.0
-98.0
-99.0
-100.0
-99.0
-102.0
-103.0
-106.0
-105.0
-106.0
-106.0
-106.0
-102.0
619.0
-100.0
-100.0
-98.0
2947.0
-94.0
-91.0
329.0
-89.0
-93.0
-94.0
324.0
-92.0
-91.0
319.0
-86.0
-91.0
-91.0
230.0
-91.0
2724.0
-92.0
-93.0
-92.0
-93.0
326.0
213.0
-97.0
332.0
-95.0
224.0
-94.0
-92.0
-90.0
330.0
-93.0
-93.0
-93.0
239.0
-90.0
-91.0
334.0
-90.0
-91.0
-90.0
501.0
-88.0
-85.0
-85.0
513.0
-83.0
-85.0
1162.0
-86.0
-80.0
-78.0
340.0
-83.0
-85.0
518.0
-82.0
-80.0
-79.0
346.0
-76.0
-77.0
640.0
-74.0
-75.0
-75.0
-75.0
350.0
-75.0
533.0
-74.0
-74.0
-72.0
1139.0
-78.0
-75.0
-79.0
357.0
-76.0
3669.0
-77.0
-77.0
211.0
-69.0
-69.0
-69.0
-72.0
-69.0
-68.0
-70.0
-72.0
-67.0
-69.0
488.0
-72.0
-72.0
-76.0
-78.0
-77.0
-79.0
-81.0
-84.0
-85.0
-84.0
-89.0
-90.0
-89.0
-86.0
-86.0
-87.0
-87.0
-88.0
-85.0
-84.0
-84.0
-85.0
148.0
-83.0
-86.0
-88.0
-92.0
-91.0
-91.0
-88.0
-87.0
-86.0
-86.0
-85.0
-88.0
-87.0
-90.0
-93.0
-93.0
-94.0
-91.0
-88.0
-84.0
-81.0
-83.0
-86.0
-87.0
-89.0
-91.0
-91.0
-92.0
-93.0
-90.0
-89.0
-85.0
-84.0
-86.0
-88.0
-89.0
-89.0
-87.0
-87.0
-89.0
-87.0
-88.0
-90.0
-90.0
-92.0
-94.0
-95.0
-95.0
-93.0
-91.0
-91.0
-89.0
-90.0
-92.0
-91.0
-92.0
-93.0
-93.0
-91.0
-92.0
-92.0
-93.0
-91.0
-91.0
-92.0
-93.0
-94.0
-92.0
-92.0
-94.0
-96.0
-96.0
-94.0
-94.0
-94.0
-94.0
-92.0
-92.0
-93.0
-94.0
-95.0
-96.0
-96.0
-97.0
-98.0
-99.0
-96.0
-97.0
-97.0
-97.0
-99.0
-101.0
-102.0
-99.0
3100.0
-97.0
-96.0
-94.0
807.0
-94.0
-94.0
304.0
-98.0
-97.0
296.0
305.0
-100.0
-98.0
313.0
-98.0
-99.0
304.0
-103.0
-104.0
405.0
-104.0
-104.0
-105.0
293.0
-105.0
-106.0
216.0
311.0
219.0
-101.0
2450.0
-102.0
355.0
-102.0
-102.0
-101.0
320.0
-99.0
260.0
-100.0
-99.0
364.0
-99.0
-97.0
2957.0
-96.0
-92.0
-89.0
657.0
-89.0
-91.0
361.0
-90.0
-91.0
522.0
809.0
-86.0
523.0
663.0
-89.0
-88.0
378.0
-88.0
305.0
-86.0
-87.0
308.0
-88.0
293.0
552.0
-92.0
-91.0
-89.0
-90.0
391.0
-86.0
568.0
-82.0
-81.0
-80.0
394.0
-82.0
1648.0
-81.0
-81.0
-80.0
-78.0
-77.0
-76.0
401.0
-75.0
-76.0
-76.0
-77.0
-75.0
-74.0
-69.0
-67.0
-70.0
-71.0
-69.0
-70.0
-70.0
-70.0
-73.0
-70.0
-69.0
-70.0
-72.0
-72.0
-74.0
-74.0
-75.0
-75.0
-75.0
-79.0
-81.0
-82.0
-81.0
-83.0
-83.0
-85.0
-81.0
-85.0
-83.0
-87.0
-87.0
-91.0
-90.0
-89.0
-84.0
-84.0
-80.0
-79.0
-78.0
-78.0
-81.0
-85.0
-86.0
-87.0
-90.0
-90.0
-91.0
-89.0
-84.0
-82.0
-80.0
-80.0
-84.0
-88.0
-88.0
-87.0
-87.0
-86.0
-84.0
-77.0
-79.0
-81.0
-83.0
-84.0
-86.0
-88.0
-87.0
-87.0
-88.0
-86.0
-82.0
-82.0
-86.0
-85.0
-87.0
-87.0
-87.0
-89.0
-87.0
-87.0
-85.0
-86.0
-90.0
-88.0
-88.0
-88.0
-89.0
-87.0
-85.0
-84.0
-89.0
-92.0
-92.0
-92.0
-92.0
-92.0
-88.0
-84.0
-86.0
-86.0
-87.0
-88.0
-89.0
-89.0
-89.0
-91.0
-91.0
-88.0
-86.0
-86.0
-85.0
-87.0
-92.0
-94.0
-93.0
-99.0
-99.0
-100.0
354.0
-99.0
-99.0
-97.0
610.0
-97.0
-98.0
336.0
-97.0
362.0
-104.0
496.0
-103.0
-102.0
-102.0
285.0
-99.0
-101.0
2504.0
-103.0
-103.0
-102.0
-104.0
285.0
-100.0
221.0
-105.0
-106.0
-108.0
214.0
-107.0
119.0
-104.0
-99.0
-101.0
-99.0
216.0
-100.0
-102.0
352.0
-103.0
-103.0
-104.0
120.0
-105.0
1028.0
-101.0
-98.0
-97.0
3004.0
478.0
-95.0
485.0
283.0
-89.0
-91.0
-91.0
231.0
-91.0
-91.0
485.0
-90.0
-89.0
-88.0
241.0
-88.0
252.0
-83.0
-82.0
-81.0
249.0
316.0
144.0
375.0
-80.0
153.0
-76.0
156.0
-75.0
-75.0
154.0
-72.0
-72.0
-74.0
-77.0
-77.0
-75.0
-78.0
-80.0
-81.0
-85.0
-88.0
-89.0
-83.0
-83.0
-83.0
-82.0
-88.0
-91.0
-89.0
-90.0
-89.0
-87.0
-88.0
-92.0
-91.0
-97.0
-94.0
-95.0
-94.0
-89.0
-89.0
-91.0
-90.0
-93.0
-93.0
-97.0
-92.0
-91.0
-91.0
-91.0
-93.0
-93.0
-92.0
-89.0
-91.0
-91.0
-86.0
-88.0
-91.0
-94.0
-94.0
-96.0
-94.0
-96.0
-97.0
-94.0
-88.0
-88.0
-90.0
-94.0
-95.0
-95.0
-96.0
-95.0
-90.0
-87.0
-88.0
-89.0
-85.0
-86.0
-87.0
-89.0
-88.0
-90.0
-94.0
-94.0
-97.0
-96.0
-94.0
-92.0
-93.0
-91.0
-91.0
-92.0
-92.0
-94.0
-96.0
-96.0
-99.0
-100.0
-100.0
-100.0
-100.0
-96.0
-98.0
-98.0
-101.0
-104.0
-106.0
-108.0
-110.0
-111.0
-109.0
-107.0
-108.0
-109.0
-109.0
-109.0
-110.0
-110.0
-112.0
-114.0
-112.0
-113.0
-113.0
-113.0
-113.0
-113.0
-113.0
-110.0
-110.0
-111.0
-111.0
-111.0
-111.0
-112.0
-114.0
-112.0
-113.0
-113.0
-113.0
-113.0
-113.0
-112.0
393.0
-107.0
-106.0
-107.0
383.0
-103.0
-103.0
312.0
-100.0
-105.0
299.0
-105.0
-102.0
-103.0
294.0
-103.0
-103.0
-101.0
299.0
-102.0
-100.0
-100.0
-100.0
631.0
-101.0
-102.0
2439.0
-100.0
-99.0
312.0
-98.0
313.0
-98.0
-97.0
-98.0
332.0
-97.0
313.0
-97.0
-96.0
316.0
-94.0
-93.0
137.0
-92.0
489.0
-91.0
-91.0
-88.0
316.0
-88.0
-88.0
756.0
-85.0
-84.0
-85.0
312.0
-89.0
-92.0
230.0
-92.0
143.0
-88.0
-83.0
327.0
-85.0
509.0
-86.0
-88.0
-91.0
244.0
-87.0
-86.0
238.0
-89.0
-89.0
-86.0
-84.0
3739.0
-88.0
-87.0
626.0
363.0
483.0
-85.0
-83.0
-81.0
-77.0
-78.0
-81.0
-82.0
-82.0
-84.0
-82.0
-83.0
-82.0
-79.0
-85.0
-84.0
-83.0
-84.0
-85.0
-84.0
-79.0
-78.0
-79.0
-78.0
-77.0
-80.0
-81.0
-79.0
139.0
-74.0
-79.0
-78.0
-74.0
-75.0
-75.0
-73.0
-75.0
-80.0
-83.0
-84.0
-86.0
-92.0
-91.0
-89.0
-88.0
-85.0
-87.0
-88.0
-90.0
-91.0
-93.0
-92.0
-88.0
-87.0
-84.0
-85.0
-83.0
-83.0
-83.0
-84.0
-83.0
-85.0
-85.0
-82.0
-82.0
-83.0
-87.0
-90.0
-91.0
-92.0
-94.0
-95.0
-92.0
-90.0
-90.0
-91.0
-93.0
-95.0
-96.0
-99.0
-100.0
-101.0
-101.0
-98.0
-96.0
-92.0
-91.0
-96.0
-97.0
-96.0
-97.0
-95.0
-98.0
-98.0
-99.0
-101.0
-103.0
-103.0
-100.0
-101.0
-100.0
-101.0
-100.0
-100.0
-101.0
-102.0
-102.0
-103.0
-104.0
-103.0
-103.0
-103.0
-103.0
-105.0
-105.0
-106.0
-109.0
-109.0
-110.0
-111.0
-112.0
-113.0
-112.0
-112.0
-113.0
-113.0
-113.0
-113.0
-113.0
-113.0
-113.0
-112.0
284.0
-111.0
-110.0
-109.0
719.0
-108.0
-106.0
279.0
-110.0
-112.0
270.0
-112.0
505.0
-110.0
-109.0
274.0
-106.0
-109.0
-105.0
586.0
-107.0
300.0
-105.0
-103.0
296.0
-101.0
-100.0
306.0
-97.0
327.0
471.0
-99.0
-97.0
241.0
-97.0
-97.0
-98.0
715.0
-99.0
-99.0
-98.0
337.0
-102.0
-103.0
-101.0
1177.0
-95.0
-93.0
327.0
-88.0
-84.0
2943.0
-84.0
-84.0
-86.0
556.0
-82.0
-82.0
255.0
-81.0
-79.0
-77.0
262.0
-66.0
-63.0
348.0
-59.0
594.0
-60.0
-60.0
-59.0
-62.0
1004.0
-61.0
-61.0
275.0
-68.0
-68.0
-72.0
-72.0
573.0
2758.0
-71.0
-71.0
-72.0
-74.0
-80.0
-82.0
-85.0
-85.0
-81.0
-81.0
-83.0
-82.0
-82.0
-83.0
-84.0
-85.0
-84.0
-81.0
-80.0
-78.0
-84.0
-84.0
-80.0
-79.0
-79.0
-78.0
-78.0
-76.0
-74.0
-78.0
-79.0
-79.0
-80.0
-83.0
-85.0
-87.0
-88.0
-90.0
-89.0
-91.0
-90.0
-90.0
-93.0
-95.0
-96.0
-94.0
-96.0
-95.0
-94.0
-91.0
-92.0
-92.0
-93.0
-93.0
-93.0
-94.0
-95.0
-96.0
-94.0
-95.0
-94.0
-97.0
-97.0
-98.0
-98.0
-97.0
-98.0
-97.0
-99.0
-99.0
-97.0
-98.0
-98.0
-97.0
-96.0
-98.0
-97.0
-97.0
-95.0
-97.0
-97.0
-98.0
-98.0
-97.0
-98.0
-100.0
-101.0
-101.0
-100.0
-100.0
-103.0
-100.0
-98.0
-98.0
-100.0
-100.0
-101.0
-105.0
-107.0
-108.0
-106.0
-107.0
-108.0
-106.0
-105.0
-107.0
-109.0
-109.0
-108.0
-109.0
-109.0
-107.0
-106.0
-107.0
-111.0
-109.0
-107.0
-107.0
-107.0
-107.0
-104.0
-108.0
-111.0
-111.0
-113.0
-115.0
-117.0
-116.0
-115.0
-115.0
-114.0
-114.0
-115.0
1495.0
-113.0
-110.0
-108.0
498.0
-104.0
-106.0
495.0
-104.0
-105.0
899.0
-103.0
-104.0
-105.0
514.0
-102.0
305.0
-104.0
-106.0
-104.0
-105.0
318.0
260.0
-103.0
