0
0
0
0
0
0
0
0
0
0
0
0
0
0
0
0
0
0
0
0
0
0
0
0
0
0
0
0
0
0
0
0
0
0
0
0
0
0
0
0
0
0
0
0
0
0
0
0
0
0
0
0
0
0
0
0
0
0
0
0
0
0
0
0
0
0
0
0
0
0
0
0
0
0
0
0
0
0
0
0
0
0
1
1
2
2
2
2
2
2
2
2
2
2
2
3
3
3
3
3
3
3
4
4
4
4
4
4
4
4
4
4
4
4
4
4
4
4
4
4
1
1
1
1
1
1
1
1
1
1
1
1
1
1
1
1
1
1
2
2
3
3
3
4
4
4
4
4
4
4
4
4
4
4
4
4
4
4
4
5
5
6
6
6
6
6
6
6
6
6
6
6
6
6
6
6
6
6
6
6
6
6
6
6
7
7
7
7
7
7
7
7
7
7
7
7
7
7
7
7
8
8
9
9
9
10
10
10
10
10
10
10
10
10
10
8
7
6
6
7
7
8
8
8
8
8
8
8
8
8
9
9
9
9
10
10
10
11
11
11
11
12
12
12
12
12
12
12
12
12
12
12
12
12
12
12
12
12
13
14
13
12
12
11
11
10
9
10
10
10
10
10
10
10
10
10
10
10
10
10
10
10
10
10
10
10
10
10
10
11
11
11
11
11
11
11
10
10
10
10
10
10
10
10
10
12
12
12
13
13
13
14
14
15
15
15
15
15
15
16
18
18
18
18
18
18
18
18
18
19
19
19
19
19
20
15
11
8
6
5
5
5
5
5
5
5
5
5
5
5
5
5
5
5
5
5
7
7
7
8
9
9
9
9
9
9
9
9
9
10
10
10
10
10
11
11
11
11
11
13
14
15
15
16
16
16
17
17
17
18
18
18
18
18
18
18
18
18
18
18
18
18
18
18
18
19
20
20
20
20
21
22
22
22
23
24
24
24
24
24
24
24
24
24
25
26
26
27
28
29
27
25
25
24
24
24
24
24
25
24
25
26
26
25
24
23
21
20
19
18
18
17
17
17
21
20
20
21
22
22
24
24
24
24
24
24
24
24
24
24
24
26
26
27
27
27
28
29
29
28
28
28
28
27
27
27
26
27
27
28
28
28
28
28
28
29
29
30
30
30
30
31
31
31
32
32
32
32
32
33
33
33
33
34
36
34
33
36
36
36
36
37
38
39
40
41
42
42
42
43
44
44
44
44
45
46
47
47
49
51
51
51
52
52
53
54
55
55
55
55
49
43
37
31
28
25
25
23
24
24
25
25
26
26
27
27
27
28
28
30
30
31
31
32
33
34
34
34
35
36
36
36
36
36
36
37
39
39
39
39
40
40
40
41
41
42
43
43
43
43
44
44
45
46
46
47
47
47
48
48
48
48
49
49
49
49
49
49
49
49
49
50
50
51
51
51
51
51
51
52
52
52
52
52
52
53
54
54
55
55
55
55
55
56
56
57
56
55
53
50
52
51
53
52
51
50
52
51
50
51
52
53
56
55
54
51
52
53
55
53
54
52
56
57
56
58
60
63
63
64
63
66
70
69
66
66
69
67
67
69
69
67
67
69
66
67
65
66
66
62
59
62
63
63
62
63
64
65
62
64
60
61
63
65
66
69
72
72
74
74
74
73
75
75
75
74
76
74
76
74
73
71
66
63
67
70
72
73
77
77
77
77
78
80
81
84
85
82
85
86
89
87
86
83
85
84
84
84
85
86
84
88
89
93
97
92
89
84
78
72
71
68
69
69
71
72
73
74
74
75
74
74
73
71
72
72
73
73
75
75
77
78
78
77
78
77
79
80
81
81
82
84
81
80
79
77
80
81
83
83
84
84
82
83
81
82
83
84
85
87
88
88
87
85
83
83
85
84
87
88
89
90
91
88
87
83
85
86
87
87
87
88
86
85
90
91
91
92
93
93
93
94
94
94
96
93
94
94
94
94
95
95
94
93
92
94
91
92
94
93
93
92
90
91
90
90
90
91
92
93
90
90
92
91
90
93
96
96
99
99
103
104
105
106
108
108
110
109
109
109
108
108
108
108
110
108
108
107
106
107
109
112
112
107
107
106
107
111
111
110
112
114
112
113
113
115
116
117
121
121
118
118
117
117
118
115
117
115
117
115
116
115
119
115
118
114
111
108
108
108
105
106
104
106
106
110
112
114
117
119
122
120
121
124
127
131
131
130
128
129
132
131
131
132
132
134
131
128
127
131
127
123
115
110
105
94
92
90
86
88
90
88
89
89
88
83
86
86
85
86
89
89
91
90
93
96
97
99
97
96
97
97
97
96
93
94
97
95
95
97
98
98
96
94
96
98
95
93
92
94
93
91
93
95
97
95
95
96
93
92
95
94
95
96
99
97
95
96
98
97
96
96
97
102
101
102
105
107
107
105
107
109
111
113
114
116
117
117
117
119
121
119
122
122
122
117
117
116
115
114
112
113
114
116
117
117
117
118
119
118
118
119
120
121
120
120
124
122
121
120
123
124
124
125
128
125
122
121
125
125
122
119
121
123
124
124
126
126
126
126
120
119
118
116
118
122
124
129
128
125
119
118
123
124
125
128
131
132
128
125
126
121
115
117
120
118
118
119
119
116
113
116
118
122
123
121
117
112
114
115
115
114
114
110
111
107
99
98
102
102
105
104
108
110
109
110
106
112
116
119
117
118
115
118
116
111
111
113
108
112
115
115
117
118
118
111
105
102
97
91
84
83
80
79
77
79
81
81
83
86
88
89
90
92
92
92
91
94
94
92
95
93
96
93
94
94
93
93
90
89
91
92
93
94
97
97
95
95
94
93
91
89
88
90
91
91
91
91
92
89
91
92
94
98
98
100
101
102
102
100
99
99
101
103
104
107
108
108
108
107
109
107
109
109
110
110
111
112
113
114
116
118
120
120
123
124
126
126
127
128
126
127
126
125
124
124
124
125
125
125
122
121
120
118
119
122
122
119
118
118
119
119
117
116
119
121
121
122
122
122
123
123
124
127
129
130
128
130
130
131
130
129
127
126
125
123
122
119
115
113
110
111
111
111
109
112
113
115
116
121
116
119
118
123
120
122
118
122
118
129
123
128
124
128
126
123
123
125
124
125
126
128
126
127
126
124
119
116
114
115
113
113
113
114
112
109
108
109
111
115
115
114
115
116
114
117
115
116
119
121
125
124
125
125
127
125
127
132
132
133
130
125
120
112
111
107
104
102
100
100
98
97
98
97
99
99
101
102
101
102
102
100
97
99
99
100
102
102
102
102
102
100
99
99
100
100
101
101
101
101
99
97
99
98
97
97
97
97
99
98
98
99
99
100
99
95
99
97
99
100
102
102
102
100
102
98
95
96
96
97
97
98
99
99
103
103
106
107
108
109
107
107
108
109
111
111
113
115
116
116
115
116
116
117
118
117
116
117
115
113
111
112
113
114
112
115
114
114
114
114
115
113
110
110
112
109
111
110
111
113
114
113
107
113
115
115
115
114
115
112
109
109
109
109
111
110
109
109
110
114
112
114
115
114
113
109
111
115
120
119
117
115
116
114
114
116
121
115
115
111
115
119
115
114
113
115
116
118
117
121
119
124
120
114
120
119
121
116
117
118
117
120
117
116
116
111
113
118
115
121
123
123
124
125
126
122
115
116
120
122
126
127
128
125
129
132
134
133
137
136
135
137
136
138
140
134
131
122
114
102
92
94
91
89
89
86
87
82
84
86
84
86
89
91
93
89
90
91
88
90
91
91
90
90
89
92
94
91
91
90
87
91
91
92
91
92
93
93
92
93
94
95
95
92
91
89
88
87
88
89
90
88
88
90
91
90
88
92
92
92
92
92
93
93
95
95
97
94
95
97
97
99
99
100
101
101
102
100
101
102
103
106
106
108
107
107
108
105
106
106
104
104
102
101
101
102
103
100
103
101
101
103
102
102
102
101
99
97
98
98
101
101
100
102
103
103
107
106
107
108
110
111
110
114
113
114
110
113
113
113
113
113
112
112
112
109
109
108
103
103
101
102
104
105
106
107
111
112
113
111
114
118
114
114
116
114
116
118
120
120
121
117
118
115
117
120
118
116
120
120
122
116
117
118
114
116
115
112
108
105
107
107
114
119
120
119
119
118
119
119
119
124
122
126
127
127
125
124
125
120
123
125
125
125
124
123
120
122
123
123
121
120
113
105
95
95
84
88
88
89
90
87
84
86
88
89
88
90
91
89
85
86
87
87
87
86
87
87
89
92
93
91
92
92
90
92
91
92
92
93
95
92
88
90
93
94
89
89
91
91
91
91
92
93
93
93
93
91
90
90
92
92
94
95
95
95
95
95
93
91
93
94
95
96
96
96
96
96
97
95
96
98
99
101
100
101
104
105
108
107
109
111
109
110
110
109
110
109
107
106
106
107
105
107
107
108
106
107
107
108
108
107
106
106
106
103
100
102
103
105
105
106
106
106
105
104
104
102
102
101
103
103
100
101
102
106
107
107
109
110
110
110
112
110
115
117
118
118
120
116
116
116
116
115
113
114
115
116
117
116
116
117
114
111
113
113
115
118
118
118
114
112
115
113
113
112
110
110
112
115
114
115
112
112
112
109
106
105
107
112
107
109
111
110
107
107
110
112
110
111
114
113
113
110
109
108
111
110
108
112
114
116
114
113
109
100
99
93
89
90
94
91
87
91
92
93
91
93
92
87
87
87
87
89
91
92
94
92
88
88
88
85
86
89
88
91
88
90
87
88
90
91
91
92
95
95
96
94
94
95
93
93
94
95
97
97
98
97
97
101
97
101
102
103
104
102
103
103
105
105
106
108
108
108
109
109
108
108
109
109
111
110
113
113
116
118
118
118
119
120
116
114
112
114
114
114
116
116
117
118
116
114
112
111
110
112
112
111
111
111
110
107
106
105
107
107
108
106
106
107
106
107
104
105
102
103
101
101
101
101
103
105
106
105
107
108
110
110
106
109
107
110
110
108
106
105
103
101
97
96
95
96
95
97
94
97
98
102
103
102
102
101
104
106
108
104
108
108
102
107
101
103
103
105
107
103
99
99
104
104
107
105
108
105
103
107
107
105
105
104
105
100
101
101
104
107
110
111
116
117
118
118
121
121
123
125
128
131
131
128
125
125
123
123
126
129
131
133
134
138
133
125
118
111
106
102
101
103
103
99
100
103
103
100
102
102
102
96
98
100
101
105
110
108
107
107
104
106
102
106
110
112
113
110
109
112
110
107
107
111
114
111
114
115
112
109
107
108
109
113
115
115
117
117
115
113
113
114
114
115
115
111
112
113
115
114
114
114
114
115
115
113
114
115
115
114
114
114
114
114
115
113
114
114
115
115
114
114
114
115
115
116
114
111
110
107
108
106
103
104
105
108
110
112
109
106
105
104
105
105
104
104
105
105
104
107
108
109
111
109
109
112
113
112
111
111
111
110
110
110
111
111
112
113
112
112
112
115
113
113
111
109
109
106
108
107
107
107
107
108
108
106
108
107
107
108
105
105
102
101
100
98
99
98
99
100
100
100
99
98
97
95
96
95
91
93
91
94
96
95
93
92
92
93
90
92
92
91
94
92
93
93
92
92
93
95
94
95
91
91
87
89
90
88
91
90
93
90
91
91
93
95
94
97
101
99
96
94
95
93
91
89
90
90
90
89
89
86
86
87
86
85
84
82
85
87
88
88
84
86
84
83
83
85
86
89
87
90
92
90
90
91
92
90
89
91
91
90
89
89
88
88
87
89
91
93
93
91
94
92
95
94
96
97
96
96
97
96
91
90
92
93
92
92
93
91
90
90
89
89
92
90
90
93
92
94
98
99
101
101
102
105
104
104
103
105
105
109
110
109
108
109
109
106
110
109
114
113
114
113
114
114
112
109
110
109
112
111
110
109
109
108
107
108
109
110
109
108
106
104
102
101
102
103
102
102
102
101
102
103
104
103
104
105
107
106
104
101
102
98
99
101
101
103
103
101
109
102
107
105
109
107
108
108
112
111
111
111
110
112
111
109
111
109
105
106
110
109
111
111
112
111
110
108
107
104
105
105
101
103
103
98
98
98
103
101
97
99
99
99
99
97
101
102
104
108
110
111
109
110
109
107
110
115
115
113
112
113
106
105
96
94
88
89
86
86
84
84
86
87
93
94
94
95
94
91
92
92
92
92
94
98
95
94
91
89
94
90
88
86
91
91
88
90
89
92
90
89
91
94
98
96
97
96
98
97
98
102
102
103
102
103
103
102
103
103
105
104
102
99
102
103
103
103
101
103
99
100
102
105
106
105
105
105
104
103
103
103
103
103
102
102
103
101
103
103
104
105
105
105
106
107
106
107
107
106
103
102
100
102
101
100
101
101
102
102
104
104
105
105
106
103
101
100
100
104
100
99
100
100
100
99
98
97
99
97
98
97
100
100
99
100
100
99
102
104
105
105
105
102
98
96
98
96
95
94
94
96
94
94
96
96
97
94
93
94
91
92
91
90
91
91
91
89
85
85
86
84
83
83
83
84
81
83
82
80
82
76
73
70
70
69
69
71
74
72
73
74
73
76
77
81
82
82
85
82
83
80
81
83
81
82
85
87
88
89
89
93
95
90
93
93
95
94
99
95
89
86
86
87
86
89
91
90
92
91
92
90
91
94
94
92
91
88
91
89
92
93
93
96
97
99
96
94
94
93
94
95
96
97
96
98
98
94
89
91
96
95
99
100
101
101
99
98
97
95
98
99
102
102
104
104
105
107
105
103
103
106
107
105
106
106
106
108
108
108
108
105
105
104
106
106
109
107
109
110
110
110
110
111
108
109
110
108
109
110
110
110
110
110
106
106
104
103
104
103
102
102
104
106
108
106
105
106
108
107
107
106
105
107
106
104
106
108
110
108
112
111
110
113
111
115
110
109
111
108
109
106
108
109
110
109
109
110
110
107
105
104
101
99
98
99
100
98
94
98
102
101
97
97
98
98
99
98
95
98
98
99
96
97
97
98
102
99
97
94
92
93
92
92
94
94
92
91
95
94
89
91
93
93
95
95
95
94
93
92
90
87
86
88
89
90
92
92
91
87
86
87
88
90
90
88
90
90
91
93
94
94
90
89
82
77
73
72
69
73
77
78
77
79
78
76
77
79
82
83
85
87
86
86
83
86
86
86
88
89
88
87
91
91
93
95
95
93
91
92
95
98
97
99
100
97
95
94
96
99
99
99
99
100
99
96
95
96
98
98
99
99
99
100
97
97
98
99
99
99
100
100
100
99
99
99
100
100
100
100
100
101
102
102
104
105
107
108
109
110
110
111
112
112
112
113
112
113
113
113
112
111
109
107
106
104
104
103
101
101
100
100
102
103
101
96
96
95
95
95
94
93
96
95
96
96
96
96
95
93
88
90
90
89
87
89
88
89
89
87
87
87
88
84
85
82
79
80
79
77
75
75
74
75
72
75
74
73
72
76
79
84
84
84
85
85
83
82
84
86
85
87
90
88
84
86
86
82
84
83
84
81
83
85
84
82
80
80
84
84
81
82
85
85
84
85
84
78
76
74
74
80
80
81
81
82
78
76
76
79
83
89
89
93
93
94
93
91
89
83
86
83
85
83
83
84
81
82
84
80
85
84
86
87
88
88
87
86
88
89
90
90
88
89
89
86
83
83
86
84
83
83
86
87
86
85
86
88
90
93
91
91
91
89
88
89
89
89
89
86
86
86
85
86
86
87
88
87
86
87
88
89
88
90
92
95
97
96
99
99
102
104
102
106
104
109
110
111
111
111
112
112
110
111
111
111
112
113
112
113
110
111
111
111
110
109
108
107
104
106
104
100
98
99
100
97
96
95
96
95
96
96
95
97
95
97
98
99
98
100
98
101
101
100
105
105
104
102
100
102
100
100
100
100
100
96
94
98
98
98
95
94
90
87
87
88
86
85
85
85
85
83
77
81
84
86
86
91
93
90
86
88
90
94
90
94
91
91
94
94
94
93
90
90
88
88
88
89
92
91
89
86
85
84
82
82
86
89
90
90
89
91
89
92
88
92
93
91
90
92
91
90
91
94
92
92
90
88
88
87
86
86
86
88
77
76
79
81
81
84
84
86
87
92
96
97
98
98
91
92
91
92
93
93
94
93
93
90
88
88
84
88
86
90
89
92
93
88
87
89
93
91
90
91
93
92
92
91
90
91
93
95
98
99
98
99
97
99
101
104
104
106
108
109
109
108
108
109
110
110
112
112
113
113
113
113
111
111
111
111
112
112
112
113
113
113
110
109
107
106
108
108
110
111
111
112
110
110
112
112
111
110
108
108
104
104
104
103
100
103
104
103
103
102
102
100
98
96
97
97
94
96
96
95
95
94
95
95
92
90
91
93
92
94
93
94
94
92
92
90
90
91
95
95
92
92
93
91
89
89
90
91
93
95
95
96
92
92
94
92
89
87
88
90
86
87
90
91
90
91
89
91
90
91
91
85
84
84
82
81
82
84
84
85
86
86
87
83
85
85
83
86
86
87
89
90
89
86
85
81
84
83
87
84
85
85
86
87
83
86
87
87
90
91
89
89
92
91
90
84
85
88
89
87
89
91
93
93
93
92
90
90
83
84
88
88
89
94
93
94
93
92
93
85
83
81
85
87
90
92
94
96
96
92
91
91
89
87
89
91
93
90
92
94
95
95
95
94
95
95
97
95
97
93
91
92
90
92
91
94
94
93
93
90
91
92
91
93
96
97
99
99
100
98
98
99
97
98
97
100
101
103
104
104
107
107
107
107
108
108
109
109
109
109
107
102
101
101
100
101
98
99
99
100
101
102
103
103
103
104
104
105
104
104
103
101
101
101
104
105
104
106
104
104
104
100
101
101
102
101
102
102
102
102
102
100
98
97
97
96
94
93
90
92
91
88
88
88
89
88
87
87
86
83
84
84
84
82
81
84
82
79
81
84
83
84
83
84
86
86
84
84
83
84
83
83
87
83
84
84
81
85
80
81
78
79
79
82
80
85
82
80
80
83
82
82
82
80
84
80
84
88
87
89
87
85
86
84
87
87
88
88
86
84
88
87
87
88
91
92
90
88
90
87
90
91
91
91
89
88
86
86
87
86
85
86
89
89
88
87
86
86
86
85
85
80
82
80
80
83
84
87
88
89
89
89
85
84
86
87
89
89
89
89
87
86
82
88
90
91
90
89
90
89
91
92
94
93
94
92
92
93
94
99
98
99
99
101
102
101
103
104
104
104
102
102
103
104
105
106
106
109
109
110
112
111
115
115
114
109
111
107
107
107
107
107
105
107
108
108
107
106
105
101
103
104
103
103
103
104
104
103
102
99
100
99
98
98
98
95
97
98
97
95
93
93
94
95
93
90
89
89
89
90
89
85
82
85
84
82
84
84
84
82
83
82
83
83
76
76
74
73
75
80
83
84
87
86
86
88
91
91
89
88
87
87
88
85
85
85
80
84
83
83
85
86
83
85
84
86
88
79
85
86
88
88
86
88
87
89
89
88
92
85
78
82
83
82
78
82
81
84
88
85
86
88
89
89
89
87
90
87
82
82
85
85
83
87
89
87
88
88
85
81
85
88
88
90
94
94
96
94
97
93
91
95
93
95
96
95
96
96
97
100
98
98
94
97
98
99
101
101
99
99
100
95
99
99
100
101
102
102
100
101
103
103
103
103
103
102
100
99
101
102
102
102
101
100
100
103
104
100
101
102
102
101
100
101
102
102
100
101
99
98
99
100
99
102
103
106
105
106
106
106
102
101
100
100
98
95
94
91
90
89
93
94
93
92
91
89
86
91
91
90
91
93
92
93
92
93
95
97
97
96
95
93
94
92
90
93
93
93
93
90
90
91
90
90
91
90
89
88
85
85
83
83
85
86
86
80
78
84
83
85
82
82
80
79
76
76
77
76
74
75
75
75
75
75
73
74
74
72
75
78
75
79
77
76
78
77
77
74
69
69
69
72
69
68
70
72
67
69
70
72
72
76
78
77
79
81
84
85
84
89
90
89
86
86
87
87
88
85
84
84
85
87
83
86
88
92
91
91
88
87
86
86
85
88
87
90
93
93
94
91
88
84
81
83
86
87
89
91
91
92
93
90
89
85
84
86
88
89
89
87
87
89
87
88
90
90
92
94
95
95
93
91
91
89
90
92
91
92
93
93
91
92
92
93
91
91
92
93
94
92
92
94
96
96
94
94
94
94
92
92
93
94
95
96
96
97
98
99
96
97
97
97
99
101
102
99
99
97
96
94
95
94
94
94
98
97
99
99
100
98
99
98
99
103
103
104
103
104
104
105
106
105
106
105
101
101
101
101
102
102
102
102
101
99
99
100
100
99
97
99
97
96
96
92
89
90
89
91
91
90
91
90
86
86
86
87
89
88
88
88
87
86
87
86
88
90
92
92
91
89
90
87
86
84
82
81
80
83
82
82
81
81
80
78
77
76
74
75
76
76
77
75
74
69
67
70
71
69
70
70
70
73
70
69
70
72
72
74
74
75
75
75
79
81
82
81
83
83
85
81
85
83
87
87
91
90
89
84
84
80
79
78
78
81
85
86
87
90
90
91
89
84
82
80
80
84
88
88
87
87
86
84
77
79
81
83
84
86
88
87
87
88
86
82
82
86
85
87
87
87
89
87
87
85
86
90
88
88
88
89
87
85
84
89
92
92
92
92
92
88
84
86
86
87
88
89
89
89
91
91
88
86
86
85
87
92
94
93
99
99
100
101
99
99
97
99
97
98
97
97
100
104
103
103
102
102
98
99
101
103
103
103
102
104
101
100
101
105
106
108
108
107
104
104
99
101
99
100
100
102
103
103
103
104
105
105
104
101
98
97
99
97
95
92
92
89
91
91
92
91
91
92
90
89
88
89
88
85
83
82
81
82
81
81
77
80
75
76
74
75
75
75
72
72
74
77
77
75
78
80
81
85
88
89
83
83
83
82
88
91
89
90
89
87
88
92
91
97
94
95
94
89
89
91
90
93
93
97
92
91
91
91
93
93
92
89
91
91
86
88
91
94
94
96
94
96
97
94
88
88
90
94
95
95
96
95
90
87
88
89
85
86
87
89
88
90
94
94
97
96
94
92
93
91
91
92
92
94
96
96
99
100
100
100
100
96
98
98
101
104
106
108
110
111
109
107
108
109
109
109
110
110
112
114
112
113
113
113
113
113
113
110
110
111
111
111
111
112
114
112
113
113
113
113
113
112
109
107
106
107
104
103
103
102
100
105
103
105
102
103
103
103
103
101
102
102
100
100
100
102
101
102
101
100
99
98
98
97
98
97
98
98
97
98
97
96
93
94
93
93
92
92
91
91
88
86
88
88
91
85
84
85
89
89
92
94
92
91
88
83
87
85
87
86
88
91
86
87
86
88
89
89
86
84
85
88
87
87
88
89
85
83
81
77
78
81
82
82
84
82
83
82
79
85
84
83
84
85
84
79
78
79
78
77
80
81
79
78
74
79
78
74
75
75
73
75
80
83
84
86
92
91
89
88
85
87
88
90
91
93
92
88
87
84
85
83
83
83
84
83
85
85
82
82
83
87
90
91
92
94
95
92
90
90
91
93
95
96
99
100
101
101
98
96
92
91
96
97
96
97
95
98
98
99
101
103
103
100
101
100
101
100
100
101
102
102
103
104
103
103
103
103
105
105
106
109
109
110
111
112
113
112
112
113
113
113
113
113
113
113
112
111
111
110
109
108
108
106
109
110
112
112
112
111
110
109
108
106
109
105
107
107
105
105
103
101
101
100
101
97
95
97
99
97
99
97
97
98
97
99
99
98
100
102
103
101
98
95
93
90
88
84
86
84
84
86
86
82
82
82
81
79
77
73
66
63
61
59
61
60
60
59
62
60
61
61
65
68
68
72
72
73
79
71
71
72
74
80
82
85
85
81
81
83
82
82
83
84
85
84
81
80
78
84
84
80
79
79
78
78
76
74
78
79
79
80
83
85
87
88
90
89
91
90
90
93
95
96
94
96
95
94
91
92
92
93
93
93
94
95
96
94
95
94
97
97
98
98
97
98
97
99
99
97
98
98
97
96
98
97
97
95
97
97
98
98
97
98
100
101
101
100
100
103
100
98
98
100
100
101
105
107
108
106
107
108
106
105
107
109
109
108
109
109
107
106
107
111
109
107
107
107
107
104
108
111
111
113
115
117
116
115
115
114
114
115
114
113
110
108
107
104
106
107
104
105
104
103
104
105
101
102
102
104
106
104
105
107
105
103
