35235
53441
36376
50010
44433
28401
31683
34396
31263
38745
31796
33233
33221
34687
34451
28072
23318
30789
27012
28942
33550
23011
25884
26978
23257
23231
33527
25086
21999
27170
28720
24153
23339
25083
28466
24134
22822
20772
19867
23965
18733
17152
21200
17579
19738
21501
22063
19172
21014
18831
20450
19474
17520
17689
20865
20257
19603
16497
20024
19249
18684
18543
16418
15376
18286
17006
17043
15429
15897
17666
17037
15612
15586
15192
14865
14559
14855
15652
16096
15983
18261
13733
14584
14334
13912
15642
15825
14778
14569
13411
13324
14235
13250
12943
13822
12199
13843
13725
15489
13022
