6.525
9.896481481481482
6.736296296296296
9.261111111111111
8.228333333333333
5.259444444444444
5.867222222222222
6.36962962962963
5.789444444444444
7.175
5.888148148148148
6.154259259259259
6.152037037037037
6.423518518518518
6.379814814814814
5.198518518518519
4.318148148148148
5.701666666666667
5.002222222222223
5.359629629629629
6.212962962962963
4.261296296296297
4.793333333333333
4.995925925925926
4.306851851851852
4.302037037037037
6.208703703703704
4.645555555555555
4.073888888888889
5.031481481481482
5.318518518518519
4.472777777777778
4.322037037037037
4.645
5.271481481481482
4.4692592592592595
4.226296296296296
3.8466666666666667
3.679074074074074
4.437962962962963
3.469074074074074
3.176296296296296
3.925925925925926
3.2553703703703705
3.6551851851851853
3.9816666666666665
4.085740740740741
3.5503703703703704
3.8914814814814815
3.487222222222222
3.787037037037037
3.6062962962962963
3.2444444444444445
3.2757407407407406
3.863888888888889
3.7512962962962964
3.6301851851851854
3.055
3.708148148148148
3.56462962962963
3.46
3.4338888888888888
3.04037037037037
2.8474074074074074
3.386296296296296
3.149259259259259
3.156111111111111
2.857222222222222
2.943888888888889
3.2714814814814814
3.155
2.891111111111111
2.886296296296296
2.8133333333333335
2.7527777777777778
2.696111111111111
2.7509259259259258
2.8985185185185185
2.9807407407407407
2.959814814814815
3.381666666666667
2.543148148148148
2.700740740740741
2.6544444444444446
2.576296296296296
2.8966666666666665
2.9305555555555554
2.736666666666667
2.697962962962963
2.4835185185185185
2.4674074074074075
2.636111111111111
2.4537037037037037
2.396851851851852
2.5596296296296295
2.259074074074074
2.5635185185185185
2.5416666666666665
2.868333333333333
2.4114814814814816
