-23031.0
-37126.0
-24719.0
-34964.0
-30146.0
-17701.0
-20445.0
-21847.0
-20308.0
-26540.0
-20498.0
-21146.0
-22490.0
-22514.0
-21810.0
-17117.0
-13255.0
-19093.0
-15825.0
-18417.0
-22399.0
-12638.0
-13297.0
-16061.0
-12885.0
-13201.0
-20849.0
-13852.0
-12242.0
-16053.0
-16942.0
-13265.0
-13464.0
-14486.0
-17241.0
-12095.0
-12838.0
-11405.0
-10800.0
-11936.0
-9378.0
-8235.0
-11168.0
-8450.0
-10917.0
-11407.0
-11244.0
-9835.0
-11767.0
-9774.0
-10483.0
-10289.0
-8731.0
-7958.0
-9277.0
-11013.0
-8529.0
-7656.0
-10388.0
-9310.0
-8017.0
-8265.0
-7395.0
-7405.0
-8963.0
-7813.0
-8352.0
-7084.0
-7100.0
-8223.0
-7415.0
-7204.0
-7073.0
-6483.0
-6113.0
-5932.0
-5885.0
-7128.0
-7066.0
-6887.0
-6918.0
-5951.0
-6354.0
-6049.0
-5841.0
-5576.0
-6426.0
-5659.0
-6110.0
-5972.0
-5471.0
-5562.0
-4927.0
-4435.0
-5389.0
-4952.0
-5782.0
-5061.0
-5641.0
-5549.0
