-20891.0
-21002.0
-26806.0
-26774.0
-35254.0
-21770.0
-15319.0
-16380.0
-20054.0
-15896.0
-18966.0
-18144.0
-15610.0
-22880.0
-26099.0
-30841.0
-15474.0
-27424.0
-13085.0
-22147.0
-12797.0
-18741.0
-39929.0
-18514.0
-12857.0
-24608.0
-22428.0
-11491.0
-18695.0
-11682.0
-11351.0
-16057.0
-10667.0
-13536.0
-13710.0
-14325.0
-25373.0
-10342.0
-13120.0
-26612.0
-10200.0
-8902.0
-12269.0
-10032.0
-10208.0
-9423.0
-9380.0
-9375.0
-10000.0
-8490.0
-7817.0
-8613.0
-8982.0
-8785.0
-12034.0
-8093.0
-17084.0
-10599.0
-8988.0
-8851.0
-11817.0
-7605.0
-9112.0
-8198.0
-7798.0
-6849.0
-8451.0
-7169.0
-7823.0
-7446.0
-7886.0
-8025.0
-6612.0
-6675.0
-6158.0
-6261.0
-7211.0
-8356.0
-7094.0
-8152.0
-6098.0
-8045.0
-6712.0
-6165.0
-5726.0
-9994.0
-9672.0
-6305.0
-5360.0
-6535.0
-5360.0
-5418.0
-5399.0
-6656.0
-6460.0
-5623.0
-5234.0
-5944.0
-10514.0
-5034.0
