41040
39805
54408
56138
73203
46326
30089
34421
38263
33930
37642
35627
31057
43264
63568
66977
35140
61841
26093
53664
29633
35025
100144
45065
25999
51456
53052
26523
45036
25442
23704
44496
22387
31638
29775
48776
57261
25262
27619
71403
21723
20858
29317
21565
23103
20185
20969
20185
25759
19270
18560
19556
21319
20698
36882
22061
47103
30505
19242
21756
33862
17142
22859
20633
19199
17222
21487
20081
17943
18347
17983
19916
17900
15806
16426
16031
17242
22551
17533
21498
20640
19544
15951
16553
15706
38485
28875
17260
14791
16716
15581
14180
15311
21431
17729
17539
13553
14491
36474
15034
