7.6
7.371296296296296
10.075555555555555
10.395925925925926
13.556111111111111
8.578888888888889
5.572037037037037
6.374259259259259
7.085740740740741
6.283333333333333
6.970740740740741
6.5975925925925925
5.751296296296296
8.011851851851851
11.771851851851851
12.403148148148148
6.507407407407407
11.452037037037037
4.832037037037037
9.937777777777777
5.487592592592593
6.486111111111111
18.545185185185186
8.34537037037037
4.814629629629629
9.528888888888888
9.824444444444444
4.911666666666667
8.34
4.711481481481481
4.3896296296296295
8.24
4.145740740740741
5.858888888888889
5.513888888888889
9.032592592592593
10.60388888888889
4.678148148148148
5.114629629629629
13.222777777777777
4.022777777777778
3.8625925925925926
5.429074074074074
3.9935185185185187
4.278333333333333
3.737962962962963
3.8831481481481482
3.737962962962963
4.770185185185185
3.5685185185185184
3.437037037037037
3.6214814814814815
3.947962962962963
3.832962962962963
6.83
4.08537037037037
8.722777777777777
5.649074074074074
3.5633333333333335
4.028888888888889
6.270740740740741
3.1744444444444446
4.233148148148148
3.820925925925926
3.5553703703703703
3.1892592592592592
3.979074074074074
3.718703703703704
3.3227777777777776
3.3975925925925927
3.330185185185185
3.688148148148148
3.314814814814815
2.927037037037037
3.041851851851852
2.968703703703704
3.192962962962963
4.176111111111111
3.2468518518518517
3.9811111111111113
3.8222222222222224
3.6192592592592594
2.953888888888889
3.0653703703703705
2.9085185185185187
7.1268518518518515
5.347222222222222
3.196296296296296
2.739074074074074
3.0955555555555554
2.8853703703703704
2.6259259259259258
2.8353703703703705
3.968703703703704
3.283148148148148
3.247962962962963
2.5098148148148147
2.6835185185185186
6.754444444444444
2.784074074074074
