46469
37247
30742
34141
40270
30162
32534
34634
50004
41983
37749
31513
31912
28092
26330
24412
24763
31569
32952
29897
26816
33195
30291
28159
28791
23954
26258
25789
24803
29252
24627
23630
26611
23908
23318
23959
21479
21417
27398
24798
19875
20586
23871
23297
19785
25055
18459
18647
18214
20948
19476
20097
17806
18548
17791
17902
19750
18352
17425
18784
19855
18327
16325
17595
18366
16039
17223
14641
18392
17110
18503
15011
16566
18329
14694
13582
14410
18394
14442
123335
16441
20218
82000
25120
16118
187243
101112
258327
67054
44633
51139
30504
28018
31946
29461
31163
1427383
278112
54762
48602
