8.60537037037037
6.897592592592592
5.692962962962963
6.3224074074074075
7.457407407407407
5.585555555555556
6.024814814814815
6.413703703703704
9.26
7.774629629629629
6.990555555555556
5.835740740740741
5.90962962962963
5.202222222222222
4.875925925925926
4.520740740740741
4.585740740740741
5.846111111111111
6.102222222222222
5.536481481481482
4.965925925925926
6.147222222222222
5.609444444444445
5.21462962962963
5.331666666666667
4.435925925925926
4.862592592592593
4.775740740740741
4.593148148148148
5.417037037037037
4.560555555555555
4.375925925925926
4.927962962962963
4.427407407407407
4.318148148148148
4.436851851851852
3.977592592592593
3.966111111111111
5.073703703703703
4.592222222222222
3.6805555555555554
3.812222222222222
4.420555555555556
4.314259259259259
3.6638888888888888
4.639814814814815
3.4183333333333334
3.453148148148148
3.372962962962963
3.879259259259259
3.6066666666666665
3.7216666666666667
3.2974074074074076
3.434814814814815
3.29462962962963
3.315185185185185
3.6574074074074074
3.3985185185185185
3.2268518518518516
3.4785185185185186
3.676851851851852
3.3938888888888887
3.0231481481481484
3.2583333333333333
3.401111111111111
2.9701851851851853
3.1894444444444443
2.7112962962962963
3.405925925925926
3.1685185185185185
3.4264814814814817
2.7798148148148147
3.0677777777777777
3.3942592592592593
2.721111111111111
2.515185185185185
2.6685185185185185
3.406296296296296
2.6744444444444446
22.839814814814815
3.04462962962963
3.744074074074074
15.185185185185185
4.651851851851852
2.984814814814815
34.67462962962963
18.724444444444444
47.83833333333333
12.417407407407408
8.26537037037037
9.470185185185185
5.648888888888889
5.188518518518518
5.915925925925926
5.45574074074074
5.770925925925926
264.3301851851852
51.50222222222222
10.141111111111112
9.000370370370371
