-32001.0
-25687.0
-20163.0
-21018.0
-26396.0
-18447.0
-20484.0
-22756.0
-36170.0
-27681.0
-25641.0
-20464.0
-20417.0
-17035.0
-15211.0
-13655.0
-14616.0
-19632.0
-20294.0
-18516.0
-16267.0
-20514.0
-16840.0
-16680.0
-18199.0
-13205.0
-16680.0
-15435.0
-14632.0
-17803.0
-14322.0
-12966.0
-16092.0
-13783.0
-13144.0
-12981.0
-10674.0
-12687.0
-16642.0
-12604.0
-10539.0
-10839.0
-13167.0
-13340.0
-10945.0
-15211.0
-9435.0
-9039.0
-9128.0
-11251.0
-10391.0
-10324.0
-9047.0
-9496.0
-7904.0
-9033.0
-9111.0
-9365.0
-7262.0
-9347.0
-8391.0
-8747.0
-7191.0
-8910.0
-8777.0
-7099.0
-7796.0
-6527.0
-8648.0
-8389.0
-9479.0
-6427.0
-8231.0
-8497.0
-6450.0
-5754.0
-5827.0
-9891.0
-6273.0
-103491.0
-6577.0
-12128.0
-64330.0
-14947.0
-6846.0
-148717.0
-64170.0
-221097.0
-45959.0
-32361.0
-37157.0
-19196.0
-16998.0
-20246.0
-19682.0
-21804.0
-1372123.0
-254795.0
-40904.0
-36488.0
