-48901.0
-22596.0
-22014.0
-23036.0
-23804.0
-29301.0
-27025.0
-24223.0
-24614.0
-25987.0
-30327.0
-26226.0
-17494.0
-28429.0
-12934.0
-17224.0
-16868.0
-12782.0
-20961.0
-17017.0
-17768.0
-15277.0
-20499.0
-16411.0
-14395.0
-17261.0
-13946.0
-15504.0
-13410.0
-12437.0
-11006.0
-11825.0
-16260.0
-13653.0
-13974.0
-13040.0
-14698.0
-13386.0
-12489.0
-13605.0
-11012.0
-10543.0
-9782.0
-9818.0
-10502.0
-11214.0
-9313.0
-9805.0
-10152.0
-9565.0
-8707.0
-9169.0
-10568.0
-9154.0
-9980.0
-10311.0
-10249.0
-8587.0
-9588.0
-8942.0
-7526.0
-8163.0
-8918.0
-7034.0
-7408.0
-8119.0
-7741.0
-6793.0
-6839.0
-7919.0
-7546.0
-6435.0
-6035.0
-6413.0
-6368.0
-5168.0
-5663.0
-5013.0
-5174.0
-6214.0
-7165.0
-5816.0
-5226.0
-6446.0
-5739.0
-4982.0
-5802.0
-5650.0
-4841.0
-5940.0
-4476.0
-4987.0
-4109.0
-4877.0
-4547.0
-4141.0
-5028.0
-4493.0
-4615.0
-4692.0
