12.268703703703704
6.415
6.313518518518518
6.3912962962962965
6.911851851851852
7.83537037037037
7.2790740740740745
6.758333333333334
7.135925925925926
6.8694444444444445
8.07074074074074
7.315555555555555
5.355555555555555
7.634074074074074
4.282777777777778
5.183518518518518
5.108148148148148
4.335
6.146296296296296
5.066111111111111
5.439444444444445
4.872777777777777
6.54425925925926
5.057037037037037
4.528888888888889
5.304814814814815
4.525555555555556
4.816111111111111
4.293148148148148
4.178888888888889
3.676851851851852
4.108888888888889
4.919444444444444
4.353703703703704
4.424074074074074
4.497407407407407
4.808333333333334
4.249259259259259
4.00962962962963
4.8170370370370375
3.8516666666666666
3.7974074074074076
3.752222222222222
3.640925925925926
3.650185185185185
3.948888888888889
3.593148148148148
3.471111111111111
3.6824074074074074
3.5007407407407407
3.2683333333333335
3.3207407407407405
3.8042592592592595
3.6792592592592595
3.9603703703703705
3.7064814814814815
3.9546296296296295
3.2525925925925927
3.5462962962962963
3.395925925925926
3.4235185185185184
3.1983333333333333
3.3524074074074073
2.7803703703703704
3.0842592592592593
3.2933333333333334
3.0701851851851854
2.727592592592593
2.953148148148148
3.207222222222222
3.2214814814814816
2.6416666666666666
2.653888888888889
2.8587037037037035
2.7262962962962964
2.5407407407407407
2.6059259259259258
2.4787037037037036
2.484814814814815
2.726111111111111
3.2066666666666666
2.522962962962963
2.4827777777777778
2.872777777777778
2.5735185185185183
2.706851851851852
2.8451851851851853
2.644814814814815
2.5262962962962963
2.5985185185185187
2.3835185185185184
2.464259259259259
2.182962962962963
2.465925925925926
2.2603703703703704
2.1425925925925924
2.442037037037037
2.4277777777777776
2.6151851851851853
2.192222222222222
