66251
34641
34093
34513
37324
42311
39307
36495
38534
37095
43582
39504
28920
41224
23127
27991
27584
23409
33190
27357
29373
26313
35339
27308
24456
28646
24438
26007
23183
22566
19855
22188
26565
23510
23890
24286
25965
22946
21652
26012
20799
20506
20262
19661
19711
21324
19403
18744
19885
18904
17649
17932
20543
19868
21386
20015
21355
17564
19150
18338
18487
17271
18103
15014
16655
17784
16579
14729
15947
17319
17396
14265
14331
15437
14722
13720
14072
13385
13418
14721
17316
13624
13407
15513
13897
14617
15364
14282
13642
14032
12871
13307
11788
13316
12206
11570
13187
13110
14122
11838
