316872
227083
302064
303872
193926
337711
247750
307909
300334
354990
330872
317999
233401
273359
312447
319071
270629
275986
232614
288742
270585
284689
303811
256599
287436
220152
255123
224764
181759
259316
208853
213970
260318
259932
191938
337104
217710
281437
216669
229292
272251
240021
167966
209756
235375
172500
163989
249023
256706
222068
245754
207467
133727
273473
322769
169561
214872
193659
257719
172618
237648
248137
178887
196699
240978
188632
195989
241075
158012
138970
196390
190267
175128
155920
196064
170321
223206
203266
187102
198083
207041
247768
165217
187987
156773
245911
206723
161774
176105
208304
142601
218246
163667
195499
149741
180661
225590
162793
221696
132144
182758
177151
195600
152190
134518
222055
156776
163138
154982
214584
195391
145360
193125
196320
160211
95582
218154
206362
156777
142321
126953
147991
170755
155840
167839
162667
179728
204028
203449
127785
113200
198174
122490
132055
133861
87206
136175
153674
120474
175404
209750
114870
100351
157702
124201
135622
120013
177381
134255
186538
100216
167663
145723
135329
112029
127323
122682
171120
100339
133853
155411
150759
157751
144629
115686
155048
114327
158359
125381
105586
117080
101776
157616
212114
186037
117066
75958
184003
182440
70121
147114
193838
73404
168909
131055
92491
89094
126328
134627
132566
107921
67951
83304
86940
94734
85933
144539
144456
153828
91233
