-198266.0
-122263.0
-165097.0
-168234.0
-108304.0
-183961.0
-124654.0
-159560.0
-182657.0
-208214.0
-196645.0
-168488.0
-129712.0
-153169.0
-172426.0
-181174.0
-128288.0
-145485.0
-119870.0
-149349.0
-144552.0
-145457.0
-154060.0
-128291.0
-175646.0
-106927.0
-142843.0
-107274.0
-89794.0
-144368.0
-119602.0
-129627.0
-125967.0
-127404.0
-97105.0
-184966.0
-116590.0
-135620.0
-106639.0
-108901.0
-138288.0
-124772.0
-91463.0
-105338.0
-113182.0
-84320.0
-92965.0
-125614.0
-132568.0
-121914.0
-122114.0
-98431.0
-67015.0
-133478.0
-170320.0
-71320.0
-89681.0
-85119.0
-137344.0
-73250.0
-102727.0
-123173.0
-81646.0
-99092.0
-122783.0
-86043.0
-103202.0
-108431.0
-74186.0
-64837.0
-93284.0
-85324.0
-78162.0
-73841.0
-87698.0
-75741.0
-94233.0
-102127.0
-91110.0
-96621.0
-92807.0
-127272.0
-80280.0
-80090.0
-73280.0
-107554.0
-93300.0
-75118.0
-68832.0
-95767.0
-70432.0
-95056.0
-75196.0
-87026.0
-71533.0
-78387.0
-108797.0
-75766.0
-96621.0
-56065.0
-76166.0
-74628.0
-85693.0
-65355.0
-69763.0
-104896.0
-65026.0
-69466.0
-72100.0
-95085.0
-83113.0
-61487.0
-96124.0
-87601.0
-72789.0
-47105.0
-100579.0
-87121.0
-63079.0
-64521.0
-56039.0
-65178.0
-74928.0
-71439.0
-67081.0
-63861.0
-75669.0
-79194.0
-85037.0
-59388.0
-48485.0
-80884.0
-51415.0
-60027.0
-56611.0
-39040.0
-55212.0
-69356.0
-55815.0
-75300.0
-82882.0
-53125.0
-42692.0
-72337.0
-53176.0
-60631.0
-58415.0
-70165.0
-56701.0
-73010.0
-48333.0
-72767.0
-56558.0
-53271.0
-44855.0
-57931.0
-50970.0
-72131.0
-42595.0
-51611.0
-61388.0
-61534.0
-65980.0
-56553.0
-48423.0
-65146.0
-44578.0
-61008.0
-50367.0
-42536.0
-50491.0
-50234.0
-65214.0
-81975.0
-75068.0
-46610.0
-34972.0
-72518.0
-70095.0
-32705.0
-51354.0
-79485.0
-32237.0
-64330.0
-51534.0
-43793.0
-34790.0
-52802.0
-56485.0
-51752.0
-40269.0
-31610.0
-37254.0
-37536.0
-36826.0
-39524.0
-58171.0
-55605.0
-59118.0
-40277.0
