58.68
42.05240740740741
55.937777777777775
56.272592592592595
35.91222222222222
62.53907407407407
45.879629629629626
57.020185185185184
55.617407407407406
65.7388888888889
61.272592592592595
58.888703703703705
43.22240740740741
50.62203703703704
57.86055555555556
59.08722222222222
50.11648148148148
51.108518518518515
43.07666666666667
53.47074074074074
50.108333333333334
52.72018518518519
56.261296296296294
47.51833333333333
53.22888888888889
40.76888888888889
47.245
41.622962962962966
33.65907407407408
48.02148148148148
38.67648148148148
39.62407407407407
48.20703703703704
48.135555555555555
35.544074074074075
62.42666666666667
40.31666666666667
52.11796296296296
40.12388888888889
42.461481481481485
50.41685185185185
44.44833333333333
31.104814814814816
38.8437037037037
43.58796296296296
31.944444444444443
30.368333333333332
46.11537037037037
47.538148148148146
41.123703703703704
45.51
38.41981481481481
24.76425925925926
50.64314814814815
59.77203703703704
31.400185185185187
39.791111111111114
35.86277777777778
47.72574074074074
31.966296296296296
44.00888888888889
45.9512962962963
33.12722222222222
36.42574074074074
44.62555555555556
34.93185185185185
36.294259259259256
44.64351851851852
29.261481481481482
25.735185185185184
36.36851851851852
35.23462962962963
32.431111111111115
28.874074074074073
36.30814814814815
31.540925925925926
41.33444444444444
37.641851851851854
34.64851851851852
36.682037037037034
38.34092592592592
45.882962962962964
30.59574074074074
34.812407407407406
29.032037037037036
45.53907407407407
38.282037037037036
29.958148148148148
32.612037037037034
38.574814814814815
26.407592592592593
40.415925925925926
30.308703703703703
36.20351851851852
27.729814814814816
33.455740740740744
41.775925925925925
30.146851851851853
41.05481481481481
24.47111111111111
33.84407407407407
32.80574074074074
36.22222222222222
28.183333333333334
24.910740740740742
41.12129629629629
29.032592592592593
30.21074074074074
28.700370370370372
39.73777777777778
36.18351851851852
26.918518518518518
35.763888888888886
36.355555555555554
29.668703703703702
17.700370370370372
40.39888888888889
38.215185185185184
29.032777777777778
26.355740740740742
23.509814814814813
27.40574074074074
31.621296296296297
28.85925925925926
31.081296296296298
30.12351851851852
33.28296296296296
37.78296296296296
37.67574074074074
23.663888888888888
20.962962962962962
36.69888888888889
22.683333333333334
24.45462962962963
24.789074074074072
16.14925925925926
25.21759259259259
28.458148148148148
22.31
32.48222222222222
38.842592592592595
21.272222222222222
18.583518518518517
29.204074074074075
23.000185185185185
25.115185185185187
22.22462962962963
32.848333333333336
24.862037037037037
34.544074074074075
18.558518518518518
31.048703703703705
26.98574074074074
25.060925925925925
20.746111111111112
23.578333333333333
22.718888888888888
31.68888888888889
18.581296296296298
24.787592592592592
28.779814814814817
27.918333333333333
29.213148148148147
26.783148148148147
21.423333333333332
28.712592592592593
21.171666666666667
29.32574074074074
23.218703703703703
19.55296296296296
21.68148148148148
18.847407407407406
29.188148148148148
39.28037037037037
34.4512962962963
21.67888888888889
14.066296296296295
34.07462962962963
33.785185185185185
12.98537037037037
27.243333333333332
35.89592592592592
13.593333333333334
31.279444444444444
24.269444444444446
17.127962962962965
16.49888888888889
23.394074074074073
24.930925925925926
24.54925925925926
19.98537037037037
12.583518518518519
15.426666666666666
16.1
17.543333333333333
15.913518518518519
26.76648148148148
26.75111111111111
28.486666666666668
16.895
