0
0
0
0
0
0
0
0
0
0
0
0
0
0
0
0
0
0
0
0
0
0
0
0
0
0
0
0
0
0
0
0
0
0
0
0
0
0
0
0
0
0
0
0
0
0
0
0
0
0
0
0
0
0
0
0
0
0
0
0
0
0
0
0
0
0
0.0
0.0
0.0
0.0
0.0
0.0
0.0
0.0
0.0
0.0
0.0
0.0
0.0
0.0
0.0
0.0
0.0
-1.0
-1.0
0.0
2.0
0.0
0.0
0.0
0.0
0.0
0.0
0.0
-1.0
-1.0
-1.0
-1.0
-1.0
-1.0
-1.0
-1.0
-1.0
-2.0
-2.0
-2.0
-3.0
-3.0
-3.0
-3.0
-3.0
-3.0
-3.0
-3.0
-3.0
-3.0
-3.0
-3.0
-3.0
-3.0
-3.0
-3.0
-3.0
-3.0
-3.0
-3.0
-3.0
-3.0
-3.0
-3.0
-3.0
-3.0
-3.0
-3.0
-3.0
-3.0
-3.0
-3.0
-3.0
-4.0
-4.0
-5.0
-5.0
-5.0
-5.0
-5.0
-5.0
-5.0
-5.0
-6.0
-6.0
-6.0
-6.0
-6.0
-6.0
-6.0
-6.0
-6.0
-6.0
-7.0
-7.0
-7.0
-8.0
-8.0
-8.0
-8.0
-8.0
-8.0
-8.0
-8.0
-8.0
-8.0
-8.0
-8.0
-8.0
-8.0
-8.0
-8.0
-8.0
-8.0
-8.0
-8.0
-8.0
-8.0
-8.0
-8.0
-8.0
-8.0
-8.0
-8.0
-8.0
-8.0
-8.0
-8.0
-8.0
-8.0
-8.0
-8.0
-8.0
-8.0
-8.0
-9.0
-10.0
-10.0
-10.0
-11.0
-11.0
-11.0
-11.0
-11.0
-11.0
-11.0
-11.0
-11.0
-12.0
-11.0
102.0
-9.0
-9.0
-9.0
6.0
-9.0
-9.0
2.0
-10.0
-10.0
-10.0
-10.0
-11.0
-11.0
-11.0
-11.0
-12.0
-12.0
-12.0
-12.0
-12.0
-12.0
-13.0
-13.0
-13.0
-13.0
-13.0
-13.0
-13.0
-13.0
-13.0
-13.0
-13.0
-13.0
-13.0
-13.0
-13.0
-13.0
-13.0
-13.0
-14.0
-14.0
-14.0
-14.0
-12.0
254.0
-10.0
-9.0
-8.0
26.0
148.0
-7.0
117.0
-5.0
-5.0
117.0
-5.0
-5.0
110.0
-5.0
101.0
-5.0
-5.0
59.0
-5.0
48.0
-6.0
39.0
-7.0
-7.0
-9.0
-9.0
-9.0
-9.0
-9.0
-9.0
-9.0
-9.0
-10.0
-10.0
-10.0
-10.0
-10.0
-10.0
-9.0
35.0
-9.0
-9.0
-9.0
-11.0
-11.0
-11.0
-11.0
-12.0
-13.0
-13.0
-13.0
-13.0
-13.0
-13.0
-13.0
-13.0
-13.0
-13.0
-14.0
-14.0
-14.0
-14.0
-14.0
-14.0
-14.0
-15.0
-15.0
-15.0
-17.0
-17.0
-17.0
-17.0
-17.0
-11.0
411.0
-5.0
-6.0
-6.0
96.0
19.0
-7.0
0.0
-7.0
-7.0
-7.0
-7.0
-7.0
-7.0
-7.0
-7.0
-7.0
-7.0
-7.0
-7.0
-7.0
-7.0
-8.0
-8.0
-9.0
-9.0
-9.0
-9.0
-9.0
-10.0
-10.0
-10.0
-10.0
-10.0
-10.0
-11.0
-11.0
-11.0
-11.0
-11.0
-11.0
-12.0
-12.0
-12.0
-13.0
-15.0
-15.0
-15.0
-15.0
-15.0
-15.0
-16.0
-16.0
-16.0
-17.0
-17.0
-17.0
-17.0
-17.0
-17.0
-17.0
-17.0
-18.0
-19.0
-19.0
-20.0
-20.0
-20.0
-20.0
-21.0
-21.0
-21.0
-21.0
-21.0
-21.0
-21.0
-21.0
-21.0
-21.0
-21.0
-21.0
-21.0
-21.0
-21.0
-21.0
-21.0
-22.0
-22.0
-22.0
-22.0
-22.0
-22.0
-23.0
-23.0
-21.0
175.0
-20.0
-21.0
-20.0
127.0
-21.0
-20.0
-21.0
41.0
-21.0
31.0
-21.0
-21.0
26.0
-21.0
15.0
-21.0
14.0
-21.0
11.0
-21.0
-17.0
-21.0
-21.0
-21.0
-21.0
-23.0
-23.0
-23.0
-23.0
-25.0
-25.0
-25.0
-25.0
-26.0
-26.0
-26.0
-27.0
-27.0
-28.0
-29.0
-31.0
-32.0
-32.0
-31.0
140.0
-29.0
-29.0
-28.0
139.0
-27.0
-27.0
-26.0
124.0
-25.0
-25.0
116.0
-25.0
115.0
-23.0
-23.0
92.0
-23.0
81.0
-23.0
79.0
-23.0
71.0
-24.0
33.0
-24.0
31.0
-24.0
6.0
-24.0
-7.0
-25.0
-15.0
-26.0
-26.0
-27.0
-27.0
-27.0
-27.0
-25.0
170.0
-23.0
-22.0
-14.0
131.0
-26.0
-26.0
109.0
-29.0
-29.0
66.0
-30.0
-31.0
-31.0
-32.0
-32.0
-32.0
-32.0
-32.0
-32.0
-33.0
-33.0
-35.0
-35.0
-35.0
-36.0
-36.0
-37.0
-37.0
-38.0
-38.0
-38.0
-38.0
-38.0
-32.0
636.0
-20.0
-15.0
-12.0
469.0
-13.0
-13.0
225.0
67.0
-13.0
226.0
-13.0
128.0
-14.0
-14.0
5.0
-14.0
-14.0
-14.0
-15.0
-16.0
-16.0
-16.0
-17.0
-18.0
-20.0
-20.0
-20.0
-20.0
-21.0
-21.0
-21.0
-22.0
-22.0
-22.0
-22.0
-22.0
-22.0
-22.0
-22.0
-22.0
-22.0
-22.0
-22.0
-23.0
-23.0
-23.0
-23.0
-23.0
-23.0
-23.0
-23.0
-23.0
-23.0
-25.0
-25.0
-25.0
-25.0
-26.0
-26.0
-27.0
-27.0
-27.0
-28.0
-28.0
-28.0
-28.0
-28.0
-28.0
-28.0
-28.0
-29.0
-29.0
-29.0
-29.0
-29.0
-29.0
-29.0
-29.0
-29.0
-29.0
-30.0
-30.0
-30.0
-31.0
-31.0
-31.0
-32.0
-32.0
-32.0
-33.0
-33.0
-33.0
-33.0
-31.0
205.0
-29.0
-29.0
-28.0
121.0
-27.0
-26.0
102.0
-26.0
-26.0
102.0
-26.0
-25.0
101.0
-24.0
87.0
-26.0
78.0
-28.0
54.0
-28.0
50.0
-28.0
48.0
-33.0
-33.0
27.0
18.0
-34.0
13.0
-34.0
12.0
-34.0
-15.0
-35.0
-35.0
-35.0
-36.0
-36.0
-37.0
-37.0
-37.0
-38.0
-40.0
156.0
-32.0
-36.0
-35.0
-35.0
138.0
-35.0
-34.0
132.0
-33.0
133.0
-31.0
-31.0
-29.0
-28.0
-30.0
-29.0
-29.0
115.0
-27.0
-26.0
-26.0
-26.0
-28.0
-28.0
103.0
-31.0
-31.0
-30.0
-29.0
-30.0
-29.0
102.0
-33.0
-31.0
-32.0
-30.0
-31.0
-31.0
-29.0
-34.0
-34.0
-35.0
-34.0
38.0
-22.0
-35.0
-37.0
-40.0
-39.0
-40.0
-40.0
-42.0
-42.0
-44.0
-45.0
-46.0
-47.0
-48.0
-48.0
-47.0
-49.0
-50.0
-50.0
-52.0
-53.0
-54.0
-55.0
-54.0
-57.0
-58.0
-58.0
-60.0
-61.0
-62.0
181.0
388.0
-44.0
-39.0
-34.0
563.0
-34.0
-34.0
475.0
-34.0
-35.0
300.0
-36.0
106.0
-5.0
-38.0
-28.0
-39.0
-39.0
-39.0
-39.0
-39.0
-40.0
-41.0
-41.0
-41.0
-41.0
-41.0
-41.0
-41.0
-41.0
-41.0
-41.0
-41.0
-42.0
-42.0
-42.0
-42.0
-44.0
-44.0
-44.0
-45.0
-46.0
-47.0
-47.0
-47.0
-48.0
-48.0
-48.0
-48.0
-50.0
-50.0
-50.0
-51.0
-51.0
-51.0
-51.0
-51.0
-52.0
-52.0
-52.0
-53.0
-54.0
-54.0
-55.0
-55.0
-55.0
-56.0
-56.0
-56.0
-56.0
-56.0
-56.0
-56.0
-57.0
-57.0
-59.0
-59.0
-61.0
-61.0
-61.0
-61.0
-62.0
-62.0
-62.0
-63.0
-64.0
-64.0
-64.0
-64.0
-64.0
-64.0
-66.0
-67.0
-67.0
-67.0
210.0
-64.0
-64.0
-62.0
189.0
-61.0
-61.0
144.0
-59.0
-58.0
135.0
-56.0
70.0
-23.0
68.0
-55.0
-55.0
-54.0
-54.0
-54.0
-53.0
-52.0
-51.0
-52.0
-53.0
71.0
-55.0
-54.0
-54.0
-54.0
-51.0
-57.0
67.0
-60.0
52.0
-60.0
-60.0
36.0
-61.0
32.0
-61.0
-62.0
-63.0
-63.0
-63.0
233.0
-62.0
-62.0
-61.0
117.0
-63.0
-59.0
-57.0
71.0
-62.0
-68.0
229.0
-70.0
-72.0
-71.0
-69.0
83.0
-71.0
-72.0
44.0
-74.0
-74.0
-74.0
74.0
-69.0
-77.0
-80.0
49.0
-81.0
-82.0
-82.0
29.0
-85.0
-85.0
116.0
-85.0
223.0
-84.0
-82.0
-82.0
205.0
-80.0
-79.0
-79.0
80.0
-79.0
-80.0
9.0
-79.0
-82.0
-2.0
-89.0
-90.0
-20.0
-91.0
-37.0
-64.0
-89.0
13.0
-89.0
-89.0
-90.0
-89.0
-91.0
-91.0
-93.0
-93.0
-96.0
-97.0
-98.0
-97.0
-93.0
-92.0
-94.0
-91.0
516.0
-81.0
-76.0
-72.0
338.0
-66.0
-70.0
63.0
-1.0
-71.0
31.0
-74.0
-31.0
-72.0
-73.0
-61.0
-75.0
-77.0
-77.0
-74.0
-73.0
-74.0
-76.0
-75.0
-76.0
-77.0
-78.0
-78.0
-79.0
-77.0
-79.0
-79.0
-80.0
-80.0
-80.0
-80.0
-80.0
-81.0
-78.0
-78.0
-77.0
-76.0
-75.0
-76.0
-75.0
-76.0
-74.0
-75.0
-76.0
-77.0
-77.0
-77.0
-76.0
-75.0
-77.0
-78.0
-79.0
-80.0
-79.0
-79.0
-79.0
-79.0
-80.0
-81.0
-79.0
-82.0
-82.0
-83.0
-82.0
-82.0
-82.0
-82.0
-82.0
-84.0
-85.0
-85.0
-85.0
-83.0
-81.0
-79.0
-79.0
-80.0
-80.0
-80.0
-82.0
-84.0
-84.0
-85.0
-85.0
-87.0
-81.0
-86.0
-86.0
-87.0
-85.0
332.0
-82.0
-80.0
-83.0
174.0
59.0
-81.0
8.0
-82.0
-83.0
-82.0
-81.0
164.0
-81.0
8.0
-85.0
-85.0
-87.0
21.0
-88.0
156.0
-89.0
-92.0
-93.0
-93.0
-17.0
-95.0
-96.0
-96.0
9.0
-98.0
146.0
-102.0
-101.0
-105.0
-40.0
-105.0
-105.0
-105.0
1.0
-104.0
142.0
-107.0
-108.0
-108.0
170.0
-105.0
-103.0
-101.0
378.0
-100.0
150.0
-102.0
-101.0
151.0
172.0
-100.0
-102.0
-100.0
121.0
-103.0
210.0
-101.0
-101.0
-99.0
-99.0
196.0
-102.0
-105.0
214.0
-113.0
-113.0
117.0
-114.0
-111.0
-112.0
-111.0
191.0
-110.0
-107.0
374.0
-103.0
181.0
-107.0
-107.0
167.0
-110.0
-112.0
-110.0
-32.0
193.0
-108.0
-59.0
-112.0
-111.0
134.0
-111.0
-113.0
-113.0
-111.0
-110.0
-112.0
-107.0
-111.0
-112.0
-110.0
-112.0
-108.0
-109.0
-104.0
-107.0
-107.0
-112.0
-115.0
-114.0
-118.0
-117.0
-120.0
-117.0
-108.0
524.0
-99.0
-99.0
-85.0
469.0
-82.0
-79.0
248.0
119.0
-75.0
310.0
-77.0
44.0
37.0
-82.0
51.0
-84.0
10.0
-86.0
-83.0
-90.0
-87.0
-85.0
-86.0
-86.0
-86.0
-87.0
-87.0
-89.0
-89.0
-90.0
-87.0
-84.0
-87.0
-89.0
-88.0
-88.0
-91.0
-92.0
-93.0
-92.0
-94.0
-96.0
-98.0
-97.0
-96.0
-97.0
-94.0
-93.0
-92.0
-94.0
-97.0
-97.0
-98.0
-95.0
-94.0
-94.0
-94.0
-94.0
-91.0
-93.0
-95.0
-95.0
-96.0
-95.0
-97.0
-93.0
-99.0
-97.0
-100.0
-100.0
-100.0
-101.0
-97.0
-95.0
-97.0
-98.0
-98.0
-97.0
-96.0
-98.0
-98.0
-99.0
-100.0
-100.0
-101.0
-103.0
-101.0
-101.0
-101.0
-103.0
-104.0
-106.0
-107.0
-106.0
322.0
-104.0
-103.0
-104.0
148.0
-103.0
-108.0
100.0
-109.0
-109.0
-109.0
-108.0
236.0
-109.0
-112.0
290.0
-110.0
119.0
-113.0
-112.0
34.0
-114.0
-118.0
71.0
89.0
-123.0
-125.0
277.0
-124.0
36.0
-122.0
-122.0
-123.0
-123.0
92.0
-120.0
-123.0
78.0
-124.0
125.0
-120.0
-123.0
-122.0
-124.0
-120.0
741.0
-119.0
-117.0
-116.0
538.0
-115.0
-115.0
303.0
-117.0
-112.0
-110.0
361.0
-110.0
-106.0
-107.0
284.0
-108.0
-108.0
312.0
-115.0
-113.0
-114.0
467.0
-105.0
254.0
-118.0
264.0
-117.0
-118.0
539.0
-108.0
-114.0
-112.0
-111.0
302.0
-106.0
363.0
-106.0
-107.0
-101.0
534.0
-97.0
-98.0
-98.0
104.0
-108.0
-109.0
15.0
-103.0
-104.0
-67.0
-102.0
-101.0
-78.0
-105.0
-104.0
-107.0
-104.0
-108.0
-111.0
-112.0
-112.0
-117.0
-117.0
-118.0
-123.0
-127.0
-127.0
-126.0
-129.0
-127.0
-129.0
-121.0
-123.0
-120.0
505.0
-116.0
-115.0
-108.0
245.0
63.0
-94.0
184.0
16.0
-94.0
146.0
-93.0
3.0
-38.0
-53.0
-30.0
-73.0
-88.0
-79.0
-79.0
-84.0
-93.0
-94.0
-95.0
-91.0
-91.0
-90.0
-91.0
-90.0
-90.0
-90.0
-94.0
-92.0
-92.0
-94.0
-94.0
-96.0
-93.0
-94.0
-93.0
-93.0
-95.0
-97.0
-99.0
-101.0
-101.0
-101.0
-97.0
-96.0
-95.0
-96.0
-97.0
-98.0
-100.0
-104.0
-103.0
-104.0
-104.0
-105.0
-103.0
-104.0
-102.0
-104.0
-106.0
-109.0
-109.0
-110.0
-113.0
-109.0
-110.0
-109.0
-108.0
-109.0
-109.0
-110.0
-113.0
-110.0
-113.0
-113.0
-114.0
-114.0
-112.0
-111.0
-109.0
-108.0
-111.0
-110.0
-111.0
-111.0
-111.0
-114.0
-115.0
-117.0
-116.0
-115.0
569.0
-111.0
-108.0
-105.0
251.0
-108.0
-105.0
471.0
-105.0
-105.0
-106.0
232.0
-104.0
-106.0
228.0
-106.0
216.0
-105.0
214.0
-103.0
-100.0
458.0
-101.0
253.0
-99.0
-97.0
-98.0
-99.0
229.0
-100.0
252.0
-99.0
235.0
-106.0
-102.0
176.0
-99.0
-99.0
-97.0
-95.0
208.0
247.0
-94.0
143.0
-91.0
1000.0
-91.0
-90.0
-89.0
462.0
-92.0
-92.0
438.0
-93.0
-91.0
-90.0
460.0
-90.0
143.0
448.0
-91.0
-90.0
461.0
-84.0
-92.0
-93.0
318.0
-99.0
307.0
-104.0
329.0
-107.0
736.0
-111.0
-110.0
-104.0
-104.0
341.0
-102.0
738.0
-105.0
-106.0
-105.0
345.0
-104.0
7.0
17.0
-77.0
-100.0
-100.0
-101.0
-11.0
-99.0
-99.0
-30.0
-99.0
347.0
-60.0
-76.0
-101.0
268.0
-96.0
-101.0
-88.0
-101.0
-98.0
-99.0
-101.0
-98.0
-98.0
-101.0
-99.0
-99.0
-97.0
-100.0
-102.0
-104.0
-107.0
-112.0
11.0
327.0
-97.0
-96.0
-92.0
257.0
-20.0
-93.0
154.0
-30.0
-96.0
22.0
-97.0
-76.0
-99.0
-95.0
-96.0
-98.0
-97.0
-101.0
-103.0
-101.0
-103.0
-100.0
-99.0
-93.0
-96.0
-99.0
-99.0
-101.0
-101.0
-101.0
-102.0
-99.0
-101.0
-99.0
-100.0
-101.0
-101.0
-102.0
-105.0
-105.0
-105.0
-107.0
-107.0
-107.0
-103.0
-103.0
-104.0
-104.0
-105.0
-106.0
-108.0
-109.0
-109.0
-104.0
-103.0
-103.0
-105.0
-109.0
-110.0
-110.0
-110.0
-110.0
-110.0
-106.0
-108.0
-108.0
-110.0
-111.0
-112.0
-113.0
-113.0
-112.0
-110.0
-110.0
-109.0
-110.0
-111.0
-110.0
-112.0
-112.0
-111.0
-112.0
-113.0
-114.0
-111.0
-113.0
-113.0
-113.0
-113.0
-114.0
-116.0
-117.0
-118.0
-117.0
733.0
-114.0
-110.0
-112.0
289.0
276.0
-110.0
331.0
355.0
-109.0
333.0
293.0
-113.0
264.0
-113.0
517.0
-113.0
-115.0
-113.0
647.0
-111.0
-110.0
291.0
-112.0
-113.0
-112.0
133.0
-112.0
142.0
-116.0
-117.0
-115.0
293.0
-117.0
-116.0
133.0
-117.0
-116.0
-117.0
292.0
-118.0
-117.0
-117.0
655.0
-113.0
489.0
-111.0
-106.0
-103.0
644.0
-103.0
-106.0
328.0
-105.0
-104.0
389.0
-105.0
-105.0
522.0
-108.0
-104.0
494.0
-108.0
-105.0
589.0
-105.0
-105.0
333.0
-102.0
-105.0
-107.0
352.0
-109.0
688.0
-110.0
-106.0
-108.0
-112.0
324.0
525.0
-114.0
-113.0
-115.0
329.0
-104.0
178.0
-104.0
-105.0
-104.0
120.0
-104.0
-112.0
103.0
-104.0
-103.0
63.0
-109.0
45.0
-109.0
-109.0
17.0
-109.0
-109.0
14.0
-106.0
-36.0
-106.0
-56.0
-102.0
-63.0
-105.0
-101.0
-85.0
-106.0
-109.0
-105.0
-108.0
-91.0
-115.0
-108.0
470.0
-100.0
-99.0
-95.0
325.0
-102.0
-102.0
185.0
-98.0
-73.0
40.0
-96.0
-76.0
-96.0
-96.0
-99.0
-99.0
-103.0
-99.0
-100.0
-96.0
-99.0
-99.0
-100.0
-101.0
-97.0
-98.0
-98.0
-95.0
-98.0
-98.0
-102.0
-101.0
-101.0
-100.0
-100.0
-97.0
-99.0
-101.0
-101.0
-100.0
-101.0
-102.0
-105.0
-100.0
-100.0
-104.0
-101.0
-106.0
-105.0
-105.0
-106.0
-106.0
-107.0
-106.0
-104.0
-105.0
-104.0
-105.0
-106.0
-106.0
-107.0
-104.0
-104.0
-103.0
-104.0
-104.0
-103.0
-104.0
-105.0
-105.0
-106.0
-105.0
-107.0
-105.0
-105.0
-108.0
-107.0
-111.0
-109.0
-108.0
-108.0
-108.0
-108.0
-108.0
-108.0
-106.0
-107.0
-109.0
-110.0
-111.0
-111.0
-109.0
-108.0
-108.0
949.0
-105.0
-103.0
-104.0
732.0
-108.0
-110.0
452.0
-110.0
-110.0
-114.0
326.0
-110.0
-109.0
830.0
-113.0
-112.0
-112.0
98.0
-115.0
-115.0
-114.0
219.0
-112.0
107.0
-107.0
-102.0
114.0
-107.0
113.0
-104.0
-105.0
339.0
-104.0
-101.0
-98.0
-100.0
245.0
237.0
341.0
-108.0
335.0
-87.0
-104.0
-105.0
517.0
227.0
-104.0
-104.0
716.0
-104.0
-106.0
517.0
-104.0
-105.0
-101.0
524.0
-94.0
-95.0
-94.0
443.0
-92.0
-89.0
-93.0
540.0
-92.0
293.0
540.0
-96.0
-96.0
-98.0
444.0
-98.0
-99.0
529.0
-101.0
300.0
-105.0
-102.0
-106.0
-109.0
436.0
-108.0
438.0
-108.0
-13.0
52.0
-96.0
-96.0
-22.0
448.0
24.0
-37.0
-96.0
8.0
-54.0
-95.0
-14.0
-94.0
-45.0
-92.0
-95.0
-94.0
-96.0
-99.0
-98.0
-102.0
-100.0
-102.0
-103.0
-102.0
-103.0
-102.0
-105.0
-101.0
-97.0
-101.0
-102.0
-105.0
-98.0
487.0
-87.0
-83.0
-83.0
202.0
53.0
-84.0
-52.0
9.0
-84.0
-58.0
-86.0
-86.0
-90.0
-86.0
-82.0
-85.0
-88.0
-85.0
-84.0
-83.0
-84.0
-81.0
-83.0
-85.0
-84.0
-85.0
-80.0
-84.0
-84.0
-84.0
-85.0
-86.0
-86.0
-88.0
-92.0
-92.0
-93.0
-97.0
-97.0
-99.0
-97.0
-97.0
-96.0
-99.0
-100.0
-101.0
-103.0
-102.0
-101.0
-103.0
-104.0
-105.0
-103.0
-104.0
-105.0
-107.0
-109.0
-109.0
-111.0
-108.0
-109.0
-110.0
-109.0
-109.0
-109.0
-108.0
-109.0
-110.0
-110.0
-110.0
-111.0
-112.0
-111.0
-111.0
-110.0
-111.0
-111.0
-112.0
-113.0
-113.0
-113.0
-114.0
-114.0
-114.0
-111.0
-111.0
-112.0
-113.0
-111.0
-111.0
-112.0
-111.0
-110.0
-110.0
1123.0
-108.0
-109.0
-109.0
390.0
278.0
-106.0
280.0
-105.0
-105.0
337.0
-104.0
290.0
-106.0
-107.0
-106.0
399.0
-107.0
1047.0
-110.0
-111.0
-111.0
230.0
-117.0
-116.0
-114.0
184.0
-118.0
-115.0
406.0
-113.0
-112.0
-112.0
202.0
-114.0
406.0
-111.0
-109.0
-110.0
208.0
-110.0
350.0
-112.0
-113.0
-108.0
1076.0
-109.0
-109.0
1312.0
-105.0
-104.0
-105.0
433.0
-101.0
-104.0
-102.0
485.0
-100.0
-95.0
444.0
-95.0
-96.0
441.0
-91.0
634.0
-96.0
1310.0
122.0
-101.0
438.0
-103.0
437.0
-102.0
-98.0
-99.0
-102.0
307.0
501.0
-96.0
-98.0
314.0
-97.0
-98.0
571.0
-96.0
70.0
12.0
-95.0
-95.0
36.0
-90.0
455.0
20.0
703.0
-85.0
21.0
-84.0
13.0
-89.0
-90.0
-14.0
-94.0
-47.0
-95.0
-54.0
-98.0
-64.0
-80.0
-105.0
-104.0
-102.0
-103.0
-104.0
-101.0
-103.0
-101.0
-103.0
-100.0
-99.0
-94.0
400.0
-87.0
-83.0
-85.0
154.0
-93.0
-95.0
-30.0
-35.0
-94.0
-60.0
-89.0
-89.0
-90.0
-92.0
-90.0
-90.0
-90.0
-92.0
-93.0
-91.0
-92.0
-95.0
-94.0
-93.0
-92.0
-95.0
-92.0
-93.0
-91.0
-93.0
-93.0
-90.0
-90.0
-92.0
-95.0
-90.0
-92.0
-88.0
-88.0
-89.0
-89.0
-88.0
-87.0
-89.0
-92.0
-92.0
-92.0
-94.0
-97.0
-96.0
-93.0
-95.0
-95.0
-97.0
-96.0
-98.0
-98.0
-96.0
-95.0
-93.0
-92.0
-93.0
-91.0
-89.0
-90.0
-93.0
-93.0
-95.0
-94.0
-95.0
-96.0
-95.0
-96.0
-96.0
-95.0
-97.0
-101.0
-104.0
-102.0
-105.0
-105.0
-108.0
-106.0
-108.0
-108.0
-108.0
-106.0
-108.0
-108.0
-109.0
-109.0
-111.0
-112.0
-110.0
765.0
-109.0
-109.0
-108.0
1625.0
-109.0
-110.0
271.0
-109.0
-109.0
-109.0
-108.0
389.0
-109.0
-110.0
384.0
-107.0
386.0
-109.0
-110.0
-111.0
269.0
-110.0
-109.0
-108.0
298.0
-110.0
1256.0
-111.0
-110.0
-111.0
-109.0
274.0
-110.0
-107.0
-108.0
230.0
-111.0
-109.0
407.0
-111.0
-111.0
186.0
-106.0
-106.0
610.0
-105.0
-104.0
-101.0
489.0
-99.0
-101.0
290.0
-102.0
-96.0
888.0
-97.0
-98.0
486.0
-94.0
495.0
-94.0
1499.0
-96.0
-95.0
-93.0
-94.0
445.0
-100.0
563.0
-100.0
-97.0
-99.0
-97.0
435.0
-96.0
1491.0
-100.0
-97.0
-94.0
-94.0
1235.0
1492.0
-91.0
-87.0
83.0
-84.0
-85.0
-85.0
66.0
-85.0
-88.0
-3.0
-89.0
-87.0
-22.0
-88.0
-90.0
-92.0
-96.0
-98.0
-100.0
-100.0
-102.0
-102.0
-102.0
-103.0
-103.0
-104.0
-103.0
-100.0
-101.0
-99.0
-98.0
-98.0
-99.0
-100.0
-102.0
-102.0
20.0
438.0
-90.0
-91.0
-93.0
341.0
-90.0
255.0
15.0
-91.0
-91.0
-94.0
-95.0
-97.0
-97.0
-99.0
-99.0
-97.0
-96.0
-98.0
-97.0
-98.0
-98.0
-99.0
-99.0
-100.0
-100.0
-100.0
-100.0
-97.0
-98.0
-98.0
-98.0
-98.0
-98.0
-97.0
-96.0
-92.0
-92.0
-91.0
-91.0
-91.0
-91.0
-92.0
-91.0
-92.0
-90.0
-92.0
-93.0
-93.0
-94.0
-96.0
-96.0
-96.0
-96.0
-96.0
-97.0
-95.0
-94.0
-93.0
-95.0
-96.0
-96.0
-96.0
-98.0
-98.0
-100.0
-101.0
-102.0
-102.0
-101.0
-99.0
-101.0
-102.0
-102.0
-102.0
-102.0
-102.0
-101.0
-101.0
-103.0
-103.0
-103.0
-104.0
-104.0
-105.0
-103.0
-101.0
-101.0
-101.0
-101.0
-103.0
-103.0
-103.0
-103.0
-99.0
930.0
-93.0
-90.0
-90.0
694.0
282.0
-89.0
265.0
368.0
-86.0
-89.0
680.0
-87.0
-89.0
490.0
-90.0
-91.0
379.0
-91.0
280.0
-95.0
378.0
-92.0
387.0
-90.0
-89.0
610.0
271.0
1465.0
306.0
-88.0
154.0
-87.0
-87.0
217.0
283.0
-87.0
702.0
-80.0
1480.0
-80.0
-80.0
417.0
-80.0
-78.0
1126.0
-75.0
-74.0
-74.0
2081.0
-70.0
-79.0
394.0
448.0
-80.0
-81.0
566.0
-76.0
192.0
-76.0
408.0
-73.0
409.0
-69.0
616.0
-71.0
363.0
540.0
-71.0
358.0
-71.0
-68.0
618.0
-65.0
-66.0
541.0
-68.0
-71.0
-70.0
157.0
-73.0
-75.0
373.0
-76.0
-74.0
22.0
-75.0
-80.0
-78.0
-81.0
-81.0
-83.0
-81.0
-84.0
-80.0
-81.0
205.0
-83.0
-85.0
-82.0
154.0
-86.0
510.0
-88.0
-91.0
-93.0
-94.0
-96.0
-94.0
-94.0
-96.0
-94.0
-94.0
-96.0
-97.0
-97.0
-98.0
-100.0
-102.0
-94.0
569.0
-88.0
-93.0
-90.0
175.0
-15.0
-94.0
-73.0
-71.0
-93.0
-95.0
-98.0
-99.0
-98.0
-99.0
-100.0
-98.0
-95.0
-98.0
-98.0
-100.0
-103.0
-99.0
-102.0
-102.0
-105.0
-106.0
-107.0
-108.0
-109.0
-106.0
-102.0
-102.0
-104.0
-103.0
-105.0
-105.0
-104.0
-102.0
-100.0
-102.0
-100.0
-102.0
-103.0
-102.0
-105.0
-104.0
-104.0
-105.0
-104.0
-105.0
-103.0
-102.0
-103.0
-103.0
-102.0
-104.0
-104.0
-105.0
-103.0
-102.0
-105.0
-107.0
-107.0
-109.0
-109.0
-109.0
-110.0
-108.0
-108.0
-108.0
-109.0
-110.0
-108.0
-108.0
-108.0
-108.0
-106.0
-105.0
-106.0
-107.0
-109.0
-111.0
-108.0
-108.0
-108.0
-107.0
-107.0
-105.0
-106.0
-106.0
-108.0
-108.0
-108.0
-109.0
363.0
-105.0
-100.0
-99.0
330.0
-105.0
-103.0
-103.0
325.0
-101.0
-101.0
1650.0
-104.0
-103.0
-106.0
199.0
-106.0
-106.0
-105.0
-104.0
183.0
-104.0
-100.0
340.0
-104.0
-104.0
309.0
-104.0
-103.0
-97.0
55.0
-100.0
343.0
-100.0
-104.0
-104.0
56.0
-102.0
344.0
-99.0
-100.0
-95.0
66.0
-97.0
-96.0
851.0
-97.0
-94.0
-92.0
314.0
-92.0
-94.0
78.0
-96.0
-96.0
72.0
308.0
-96.0
-93.0
433.0
-88.0
-89.0
842.0
-92.0
-92.0
-91.0
316.0
-94.0
91.0
-94.0
-91.0
88.0
1869.0
-93.0
-95.0
-90.0
-89.0
332.0
-88.0
-87.0
332.0
-86.0
-84.0
152.0
-78.0
4.0
-80.0
60.0
-87.0
-87.0
335.0
-86.0
-88.0
-84.0
-82.0
-84.0
-86.0
-88.0
-86.0
-88.0
-86.0
-90.0
-87.0
-87.0
-84.0
-87.0
-88.0
-86.0
-83.0
-85.0
-86.0
-86.0
-86.0
284.0
-87.0
-86.0
-87.0
-89.0
-90.0
-86.0
257.0
117.0
-84.0
-85.0
-64.0
-88.0
-89.0
-87.0
-90.0
-86.0
-80.0
-79.0
-82.0
-81.0
-79.0
-82.0
-86.0
-86.0
-84.0
-80.0
-82.0
-80.0
-79.0
-84.0
-84.0
-86.0
-84.0
-85.0
-86.0
-80.0
-80.0
-80.0
-86.0
-87.0
-87.0
-90.0
-91.0
-91.0
-91.0
-93.0
-92.0
-84.0
-85.0
-89.0
-89.0
-91.0
-91.0
-92.0
-92.0
-90.0
-92.0
-90.0
-88.0
-88.0
-89.0
-90.0
-92.0
-92.0
-91.0
-93.0
-94.0
-95.0
-95.0
-94.0
-95.0
-95.0
-95.0
-93.0
-95.0
-96.0
-97.0
-98.0
-96.0
-93.0
-94.0
-95.0
-96.0
-95.0
-96.0
-96.0
-97.0
-95.0
-96.0
-97.0
-94.0
-94.0
-94.0
-94.0
-95.0
-96.0
-97.0
-99.0
-100.0
-101.0
-102.0
2314.0
-100.0
-99.0
-101.0
229.0
-101.0
-103.0
186.0
-102.0
-104.0
276.0
-101.0
-101.0
-101.0
-99.0
238.0
-99.0
-100.0
390.0
-98.0
-98.0
239.0
-94.0
-96.0
243.0
-98.0
-97.0
-97.0
240.0
-97.0
1851.0
-93.0
-96.0
-98.0
241.0
-100.0
1605.0
-101.0
-102.0
-102.0
-101.0
238.0
-105.0
-105.0
-103.0
499.0
-98.0
-95.0
-95.0
276.0
-93.0
-94.0
416.0
-96.0
-101.0
-100.0
244.0
-100.0
-100.0
439.0
-92.0
-91.0
805.0
-90.0
-89.0
-90.0
420.0
-87.0
692.0
455.0
-89.0
-90.0
283.0
-88.0
-90.0
388.0
-88.0
2099.0
-84.0
-87.0
-87.0
276.0
-92.0
-91.0
-93.0
181.0
-93.0
-93.0
-93.0
58.0
-91.0
-90.0
47.0
-89.0
-89.0
-91.0
-91.0
-93.0
-91.0
-91.0
-93.0
-90.0
-91.0
-91.0
-89.0
-90.0
-92.0
-94.0
-92.0
-89.0
-89.0
-88.0
-89.0
-87.0
-92.0
-94.0
-97.0
-97.0
-95.0
-89.0
438.0
-85.0
-85.0
-86.0
98.0
-86.0
-86.0
-72.0
-84.0
-85.0
-86.0
-83.0
-85.0
-84.0
-83.0
-84.0
-83.0
-84.0
-83.0
-82.0
-83.0
-79.0
-81.0
-80.0
-81.0
-82.0
-85.0
-85.0
-86.0
-82.0
-82.0
-83.0
-82.0
-82.0
-84.0
-86.0
-82.0
-85.0
-85.0
-87.0
-85.0
-87.0
-91.0
-93.0
-93.0
-95.0
-97.0
-93.0
-89.0
-80.0
-80.0
-82.0
-87.0
-90.0
-92.0
-93.0
-95.0
-95.0
-93.0
-95.0
-96.0
-94.0
-95.0
-96.0
-96.0
-96.0
-97.0
-97.0
-97.0
-97.0
-98.0
-98.0
-96.0
-96.0
-96.0
-96.0
-98.0
-99.0
-99.0
-100.0
-100.0
-102.0
-100.0
-100.0
-101.0
-102.0
-105.0
-106.0
-108.0
-107.0
-108.0
-111.0
-110.0
-111.0
-111.0
866.0
-109.0
-108.0
379.0
391.0
-103.0
-102.0
376.0
-102.0
-101.0
-98.0
389.0
-99.0
-96.0
415.0
-95.0
-96.0
411.0
-98.0
-99.0
-102.0
372.0
-97.0
403.0
407.0
-102.0
376.0
-101.0
-101.0
384.0
-101.0
-97.0
-98.0
419.0
-101.0
-99.0
674.0
-102.0
-103.0
-102.0
396.0
-99.0
-96.0
-98.0
437.0
288.0
-94.0
-95.0
-96.0
1074.0
-95.0
-95.0
-92.0
426.0
-92.0
-93.0
-93.0
428.0
-95.0
-96.0
-97.0
299.0
-94.0
-91.0
486.0
-88.0
-87.0
-89.0
311.0
-89.0
-91.0
358.0
-92.0
-86.0
-88.0
314.0
-92.0
-92.0
2285.0
-85.0
-88.0
321.0
-86.0
-87.0
-84.0
-86.0
-86.0
-79.0
-75.0
-78.0
-79.0
-80.0
-81.0
-79.0
-81.0
-82.0
-80.0
-78.0
-85.0
-83.0
-88.0
-89.0
-90.0
-88.0
-85.0
-87.0
-90.0
-91.0
-94.0
-93.0
-93.0
-90.0
-93.0
-92.0
-93.0
-93.0
-92.0
-91.0
-89.0
-86.0
-58.0
-88.0
-86.0
-88.0
-83.0
-80.0
-78.0
-76.0
-76.0
-78.0
-79.0
-78.0
-79.0
-79.0
-81.0
-83.0
-83.0
-83.0
-86.0
-86.0
-92.0
-91.0
-93.0
-89.0
-93.0
-92.0
-94.0
-92.0
-93.0
-93.0
-93.0
-90.0
-91.0
-93.0
-93.0
-92.0
-91.0
-92.0
-89.0
-89.0
-89.0
-90.0
-91.0
-91.0
-93.0
-91.0
-89.0
-90.0
-90.0
-92.0
-93.0
-94.0
-95.0
-93.0
-95.0
-93.0
-91.0
-90.0
-90.0
-94.0
-96.0
-97.0
-97.0
-97.0
-99.0
-101.0
-101.0
-104.0
-105.0
-105.0
-108.0
-109.0
-112.0
-108.0
-108.0
-109.0
-109.0
-110.0
-111.0
-112.0
-111.0
-112.0
-113.0
-113.0
-114.0
-115.0
-115.0
-116.0
-116.0
-118.0
-117.0
-118.0
-119.0
-118.0
-119.0
358.0
-118.0
-117.0
-116.0
578.0
-115.0
-117.0
277.0
-117.0
-116.0
-115.0
318.0
-116.0
291.0
563.0
-110.0
557.0
-113.0
-112.0
-112.0
291.0
-109.0
-110.0
296.0
-112.0
-112.0
-113.0
-112.0
302.0
-113.0
-110.0
293.0
-113.0
-112.0
-113.0
311.0
-114.0
-111.0
-112.0
394.0
-112.0
-111.0
314.0
-111.0
623.0
604.0
-98.0
-99.0
393.0
312.0
-95.0
2449.0
-93.0
-96.0
-96.0
508.0
-95.0
-97.0
181.0
312.0
-95.0
183.0
-90.0
509.0
-92.0
-92.0
314.0
-91.0
403.0
-91.0
-95.0
-94.0
322.0
-90.0
-84.0
-87.0
573.0
-85.0
-84.0
339.0
-82.0
-84.0
337.0
-88.0
-85.0
-84.0
442.0
-85.0
331.0
-87.0
-81.0
-85.0
-84.0
336.0
-89.0
-84.0
-83.0
-78.0
-85.0
-83.0
-85.0
-88.0
-87.0
-87.0
-87.0
-83.0
-82.0
-86.0
-86.0
-87.0
-78.0
-80.0
-78.0
-79.0
-80.0
-80.0
-83.0
-77.0
-82.0
-79.0
203.0
-75.0
-81.0
-87.0
-83.0
-90.0
-88.0
-91.0
-88.0
-88.0
-88.0
-82.0
-85.0
-88.0
-90.0
-90.0
-93.0
-95.0
-92.0
-95.0
-97.0
-94.0
-96.0
-93.0
-98.0
-98.0
-97.0
-98.0
-102.0
-101.0
-101.0
-98.0
-98.0
-96.0
-96.0
-95.0
-95.0
-95.0
-97.0
-99.0
-99.0
-99.0
-101.0
-101.0
-100.0
-98.0
-98.0
-97.0
-99.0
-98.0
-99.0
-100.0
-102.0
-104.0
-102.0
-103.0
-103.0
-101.0
-99.0
-100.0
-100.0
-100.0
-99.0
-101.0
-100.0
-100.0
-102.0
-102.0
-101.0
-98.0
-96.0
-95.0
-93.0
-94.0
-93.0
-97.0
-99.0
-98.0
-102.0
-101.0
-104.0
-105.0
-102.0
-104.0
-103.0
-104.0
-102.0
-101.0
-103.0
-102.0
-102.0
-102.0
-102.0
-106.0
-103.0
1063.0
-100.0
-98.0
-98.0
769.0
-100.0
-100.0
325.0
-99.0
-101.0
323.0
-98.0
317.0
-98.0
349.0
-96.0
-94.0
334.0
-95.0
-96.0
-93.0
341.0
-96.0
-96.0
2102.0
-99.0
-102.0
-103.0
337.0
-105.0
-99.0
-100.0
-101.0
333.0
-100.0
342.0
-101.0
-101.0
-101.0
225.0
-96.0
-95.0
-94.0
361.0
-87.0
780.0
-83.0
-81.0
-80.0
708.0
-84.0
-84.0
351.0
-78.0
-77.0
224.0
342.0
-81.0
-79.0
348.0
-82.0
343.0
-88.0
-86.0
-86.0
365.0
-86.0
-86.0
373.0
-85.0
-88.0
-88.0
360.0
-87.0
-89.0
-90.0
-91.0
345.0
2523.0
-90.0
-86.0
-85.0
-81.0
-85.0
357.0
-82.0
-83.0
-82.0
-84.0
-82.0
-86.0
-82.0
-83.0
-80.0
-82.0
-85.0
-85.0
-85.0
-88.0
-94.0
-90.0
-92.0
-91.0
-92.0
-94.0
223.0
-93.0
-91.0
-93.0
-92.0
-88.0
-85.0
-87.0
-88.0
-88.0
-86.0
-90.0
-90.0
-91.0
-90.0
-90.0
-93.0
-86.0
-88.0
-90.0
-88.0
-89.0
-89.0
-92.0
-90.0
-91.0
-95.0
-95.0
-95.0
-94.0
-90.0
-89.0
-93.0
-94.0
-96.0
-93.0
-94.0
-91.0
-88.0
-88.0
-90.0
-91.0
-94.0
-95.0
-96.0
-96.0
-93.0
-91.0
-89.0
-93.0
-92.0
-94.0
-94.0
-96.0
-95.0
-88.0
-90.0
-91.0
-92.0
-94.0
-94.0
-94.0
-96.0
-97.0
-94.0
-97.0
-96.0
-96.0
-96.0
-97.0
-94.0
-94.0
-95.0
-95.0
-95.0
-94.0
-94.0
-93.0
-93.0
-93.0
-94.0
-94.0
-96.0
-96.0
-93.0
-92.0
-92.0
-94.0
-97.0
-98.0
-99.0
-100.0
-100.0
-97.0
-92.0
-92.0
-94.0
-94.0
-96.0
-96.0
-96.0
-96.0
-93.0
-95.0
-92.0
-94.0
-97.0
-98.0
-97.0
-96.0
1140.0
-92.0
-90.0
-91.0
529.0
-93.0
-97.0
516.0
-97.0
-94.0
-96.0
303.0
-96.0
-96.0
-95.0
312.0
-97.0
-97.0
444.0
-95.0
-94.0
-92.0
325.0
-94.0
-94.0
323.0
-94.0
-94.0
323.0
-93.0
-96.0
-99.0
410.0
-96.0
-99.0
-100.0
202.0
-99.0
-99.0
306.0
-100.0
1030.0
-103.0
-103.0
-102.0
537.0
-100.0
-98.0
-95.0
703.0
-98.0
-97.0
548.0
324.0
-95.0
-96.0
-95.0
493.0
-89.0
538.0
-89.0
-88.0
-85.0
-83.0
401.0
-80.0
1622.0
-80.0
-81.0
-79.0
-79.0
399.0
-81.0
417.0
-81.0
-80.0
-82.0
-85.0
401.0
-90.0
553.0
-92.0
-89.0
406.0
-87.0
-87.0
-86.0
-87.0
-83.0
-84.0
398.0
-86.0
-86.0
-85.0
-87.0
-86.0
-85.0
-83.0
-84.0
-84.0
-85.0
-87.0
-84.0
-86.0
-83.0
-82.0
-85.0
-85.0
-86.0
-84.0
-86.0
-88.0
-87.0
-86.0
-88.0
-88.0
-86.0
-85.0
-85.0
-87.0
145.0
-85.0
-85.0
-80.0
-79.0
-78.0
-80.0
-79.0
-78.0
-84.0
-86.0
-87.0
-87.0
-86.0
-86.0
-86.0
-87.0
-90.0
-91.0
-91.0
-92.0
-92.0
-89.0
-85.0
-88.0
-90.0
-88.0
-90.0
-90.0
-91.0
-91.0
-90.0
-90.0
-91.0
-92.0
-92.0
-94.0
-91.0
-87.0
-89.0
-91.0
-92.0
-88.0
-88.0
-88.0
-87.0
-87.0
-87.0
-87.0
-87.0
-87.0
-89.0
-88.0
-89.0
-90.0
-93.0
-94.0
-93.0
-95.0
-94.0
-92.0
-90.0
-90.0
-92.0
-93.0
-94.0
-94.0
-94.0
-94.0
-95.0
-92.0
-89.0
-91.0
-92.0
-94.0
-94.0
-94.0
-94.0
-92.0
-92.0
-93.0
-92.0
-92.0
-94.0
-95.0
-98.0
-94.0
-98.0
-99.0
-97.0
-102.0
-102.0
-105.0
-107.0
-106.0
951.0
-104.0
-103.0
-103.0
508.0
-95.0
-98.0
1426.0
-99.0
-95.0
-91.0
388.0
-91.0
-88.0
-86.0
325.0
-90.0
-92.0
323.0
-86.0
-86.0
391.0
-90.0
-87.0
512.0
-94.0
-96.0
393.0
-96.0
-99.0
320.0
-98.0
-102.0
-99.0
-96.0
387.0
-97.0
1507.0
-96.0
-99.0
-101.0
324.0
-102.0
-102.0
-101.0
1227.0
-98.0
-97.0
-91.0
1215.0
-93.0
-91.0
580.0
-94.0
-93.0
419.0
-93.0
-95.0
-100.0
411.0
-98.0
-98.0
2709.0
-96.0
-91.0
425.0
-92.0
-94.0
-94.0
-90.0
937.0
-84.0
-84.0
-86.0
-87.0
332.0
323.0
-90.0
402.0
-88.0
-89.0
-88.0
-89.0
-89.0
-89.0
-88.0
-92.0
-93.0
-93.0
-90.0
-90.0
-92.0
-90.0
-89.0
-91.0
-91.0
-89.0
-86.0
-86.0
-91.0
-93.0
-94.0
-96.0
-96.0
-94.0
-92.0
-91.0
-88.0
-88.0
-89.0
-92.0
-89.0
-93.0
-91.0
-93.0
-91.0
-91.0
-91.0
-93.0
-91.0
74.0
-96.0
-91.0
-92.0
-93.0
-91.0
-95.0
-96.0
-95.0
-96.0
-96.0
-98.0
-93.0
-89.0
-87.0
-91.0
-90.0
-94.0
-94.0
-94.0
-94.0
-93.0
-93.0
-94.0
-91.0
-93.0
-93.0
-92.0
-90.0
-89.0
-90.0
-92.0
-89.0
-92.0
-93.0
-94.0
-94.0
-95.0
-95.0
-91.0
-94.0
-95.0
-97.0
-95.0
-96.0
-98.0
-96.0
-96.0
-91.0
-89.0
-89.0
-90.0
-95.0
-98.0
-99.0
-99.0
-99.0
-93.0
-91.0
-88.0
-87.0
-91.0
-93.0
-94.0
-94.0
-95.0
-95.0
-96.0
-95.0
-92.0
-94.0
-97.0
-97.0
-96.0
-98.0
-99.0
-99.0
-98.0
-99.0
-98.0
-99.0
-96.0
-96.0
-95.0
-96.0
-96.0
-100.0
-100.0
-102.0
-104.0
-104.0
-108.0
-107.0
-107.0
-107.0
555.0
-104.0
-103.0
-104.0
560.0
-106.0
-107.0
487.0
-103.0
-103.0
-104.0
1116.0
-102.0
-102.0
-100.0
295.0
-97.0
-99.0
938.0
-102.0
-102.0
294.0
-102.0
-102.0
295.0
-98.0
-98.0
-96.0
459.0
-95.0
604.0
-93.0
305.0
-94.0
-93.0
302.0
-91.0
251.0
-89.0
-91.0
-91.0
460.0
-89.0
-91.0
2238.0
-90.0
-90.0
-88.0
-91.0
767.0
-92.0
-93.0
460.0
-95.0
-96.0
-95.0
460.0
-90.0
-89.0
-89.0
473.0
-87.0
328.0
533.0
-86.0
-86.0
328.0
-85.0
-85.0
-84.0
2336.0
-87.0
-84.0
483.0
-81.0
-79.0
-81.0
342.0
-80.0
528.0
-81.0
-82.0
-83.0
348.0
-74.0
-77.0
-68.0
-79.0
-78.0
-80.0
-81.0
-78.0
-75.0
-78.0
-78.0
-79.0
-80.0
-81.0
-81.0
-79.0
-77.0
-74.0
-74.0
-74.0
-76.0
-75.0
-76.0
-73.0
-75.0
-74.0
-74.0
-73.0
-70.0
-71.0
-72.0
-73.0
-73.0
-74.0
-78.0
-75.0
143.0
-71.0
-71.0
-70.0
-73.0
-73.0
-71.0
-76.0
-77.0
-79.0
-78.0
-83.0
-85.0
-86.0
-85.0
-84.0
-85.0
-87.0
-89.0
-90.0
-91.0
-90.0
-88.0
-87.0
-91.0
-90.0
-91.0
-91.0
-92.0
-90.0
-90.0
-88.0
-87.0
-86.0
-86.0
-88.0
-89.0
-90.0
-91.0
-91.0
-92.0
-92.0
-91.0
-88.0
-87.0
-87.0
-89.0
-90.0
-92.0
-92.0
-92.0
-92.0
-91.0
-91.0
-90.0
-91.0
-93.0
-93.0
-93.0
-93.0
-93.0
-93.0
-93.0
-92.0
-92.0
-93.0
-94.0
-94.0
-95.0
-95.0
-95.0
-93.0
-93.0
-93.0
-93.0
-94.0
-94.0
-94.0
-94.0
-94.0
-94.0
-91.0
-91.0
-93.0
-93.0
-93.0
-94.0
-94.0
-94.0
-94.0
-94.0
-94.0
-91.0
-92.0
-92.0
377.0
-90.0
-90.0
-89.0
646.0
-84.0
-85.0
381.0
-79.0
-81.0
-80.0
381.0
-81.0
313.0
518.0
-82.0
-82.0
-81.0
-81.0
2718.0
-78.0
-79.0
333.0
-81.0
-80.0
519.0
-82.0
-83.0
-79.0
2495.0
-81.0
-83.0
339.0
-84.0
-84.0
-85.0
523.0
-85.0
523.0
-80.0
-80.0
-79.0
-80.0
350.0
-74.0
1723.0
-72.0
-71.0
-70.0
1116.0
-71.0
-73.0
1055.0
-72.0
-72.0
520.0
-71.0
343.0
-68.0
999.0
-68.0
-65.0
-64.0
669.0
-62.0
-63.0
-61.0
422.0
-63.0
-63.0
352.0
-61.0
-61.0
353.0
-62.0
580.0
-59.0
-59.0
-56.0
1040.0
-59.0
-60.0
-62.0
-64.0
-65.0
-66.0
-66.0
-68.0
-69.0
-65.0
-64.0
-66.0
-67.0
-66.0
-65.0
-65.0
-66.0
-65.0
-65.0
-60.0
-61.0
-64.0
546.0
-65.0
-63.0
-63.0
-65.0
-66.0
-68.0
-68.0
-69.0
-70.0
-69.0
-67.0
-64.0
-64.0
-64.0
-65.0
-65.0
-65.0
-66.0
-64.0
-64.0
-62.0
-63.0
-62.0
-63.0
-63.0
-64.0
-64.0
-64.0
-67.0
-68.0
-68.0
-67.0
-67.0
-68.0
-67.0
-68.0
-69.0
-69.0
-65.0
-66.0
-65.0
-65.0
-66.0
-64.0
-65.0
-65.0
-66.0
-66.0
-64.0
-65.0
-67.0
-68.0
-69.0
-68.0
-70.0
-70.0
-70.0
-67.0
-65.0
-64.0
-63.0
-61.0
-61.0
-60.0
-60.0
-62.0
-64.0
-67.0
-66.0
-67.0
-67.0
-68.0
-68.0
-68.0
-69.0
-69.0
-70.0
-68.0
-67.0
-67.0
-68.0
-68.0
-68.0
-69.0
-69.0
-69.0
-67.0
-67.0
-68.0
-67.0
-70.0
-69.0
-70.0
-70.0
-70.0
-70.0
-67.0
-65.0
-64.0
-64.0
-64.0
-65.0
-66.0
-66.0
-66.0
-66.0
-66.0
-65.0
-66.0
-65.0
-66.0
-65.0
1133.0
-63.0
-62.0
-61.0
2662.0
-60.0
-61.0
1123.0
-59.0
-58.0
1104.0
-57.0
2518.0
-57.0
-56.0
-56.0
363.0
-53.0
-53.0
283.0
-52.0
-50.0
2446.0
-48.0
-48.0
388.0
-47.0
2375.0
-47.0
385.0
-47.0
1939.0
-47.0
1754.0
-47.0
1561.0
-47.0
1309.0
-47.0
1143.0
-47.0
935.0
-47.0
582.0
-45.0
1178.0
-41.0
-41.0
-42.0
1275.0
-40.0
-37.0
588.0
-39.0
-36.0
414.0
-36.0
-38.0
-37.0
-38.0
559.0
-37.0
579.0
-38.0
-38.0
-37.0
420.0
-36.0
-35.0
405.0
-33.0
-32.0
436.0
-30.0
-30.0
312.0
-30.0
306.0
-30.0
-29.0
593.0
-29.0
-28.0
-27.0
-28.0
-29.0
-29.0
-31.0
-28.0
-28.0
-30.0
-24.0
-25.0
-26.0
-26.0
-29.0
-30.0
-31.0
-32.0
-34.0
-35.0
-35.0
-33.0
-34.0
-34.0
-32.0
-30.0
-30.0
-28.0
-30.0
-31.0
-30.0
-31.0
-33.0
-35.0
-33.0
-30.0
-30.0
-29.0
-29.0
13.0
-30.0
-31.0
-32.0
-32.0
-33.0
-33.0
-33.0
-33.0
-33.0
-32.0
-29.0
-27.0
-28.0
-26.0
-26.0
-26.0
-26.0
-27.0
-25.0
-24.0
-27.0
-28.0
-29.0
-30.0
-31.0
-31.0
-30.0
-28.0
-28.0
-29.0
-29.0
-29.0
-28.0
-29.0
-30.0
-32.0
-32.0
-33.0
-33.0
-34.0
-34.0
-35.0
-35.0
-35.0
-35.0
-35.0
-35.0
-35.0
-35.0
-35.0
-35.0
-35.0
-35.0
-35.0
-35.0
-35.0
-35.0
-35.0
-35.0
-35.0
-35.0
-35.0
-35.0
-35.0
-35.0
-35.0
-35.0
-35.0
-35.0
-35.0
-35.0
-35.0
-35.0
-35.0
-35.0
-35.0
-35.0
-35.0
-35.0
-35.0
-35.0
-35.0
-35.0
-35.0
-35.0
-35.0
-35.0
-35.0
-35.0
-35.0
-35.0
-35.0
-35.0
-34.0
676.0
-33.0
-33.0
-33.0
-33.0
590.0
-33.0
-33.0
-33.0
-33.0
-33.0
-33.0
-33.0
-33.0
-33.0
-33.0
-33.0
-33.0
-33.0
-33.0
-33.0
-33.0
-33.0
-33.0
-33.0
-33.0
-33.0
-33.0
-33.0
-33.0
-33.0
-33.0
-33.0
-33.0
-33.0
-33.0
-33.0
-33.0
-33.0
-33.0
-33.0
-33.0
-33.0
-33.0
-32.0
620.0
-30.0
-29.0
-27.0
801.0
-25.0
-24.0
489.0
-21.0
-22.0
-23.0
486.0
-21.0
-20.0
489.0
-19.0
-16.0
-17.0
640.0
-18.0
-18.0
2898.0
-17.0
-17.0
-17.0
824.0
-17.0
647.0
-15.0
2424.0
-16.0
-14.0
-15.0
420.0
-15.0
426.0
-13.0
-13.0
-13.0
-13.0
-12.0
-13.0
-12.0
-13.0
-12.0
-13.0
-13.0
-12.0
428.0
-10.0
-9.0
-9.0
-9.0
-9.0
-8.0
-8.0
-9.0
-9.0
-10.0
-10.0
-11.0
-11.0
-12.0
-12.0
-13.0
-15.0
-15.0
-16.0
-17.0
-17.0
-18.0
-18.0
-18.0
-19.0
-19.0
-19.0
-19.0
-19.0
-19.0
-19.0
-19.0
-19.0
-19.0
-19.0
-19.0
-19.0
-19.0
-19.0
-19.0
-19.0
-19.0
-19.0
-19.0
-19.0
-19.0
-19.0
-19.0
-19.0
-19.0
-19.0
-19.0
-19.0
-19.0
-19.0
-19.0
-19.0
-19.0
-19.0
-19.0
-19.0
-19.0
-19.0
-19.0
-19.0
-19.0
-19.0
-19.0
-19.0
-19.0
-19.0
-19.0
-19.0
-19.0
-19.0
-19.0
-19.0
-19.0
-19.0
-19.0
-19.0
-19.0
-19.0
-19.0
-19.0
-19.0
-19.0
-19.0
-19.0
-19.0
-19.0
-19.0
-19.0
-19.0
-19.0
-19.0
-19.0
-19.0
-19.0
-19.0
-19.0
-19.0
-19.0
-19.0
-19.0
-19.0
-19.0
-19.0
-19.0
-19.0
-19.0
-19.0
-19.0
-19.0
-19.0
-19.0
-19.0
-19.0
-19.0
-19.0
-19.0
-19.0
-19.0
-19.0
-19.0
-19.0
-19.0
-19.0
-19.0
-19.0
-19.0
-19.0
-19.0
-19.0
-19.0
-19.0
-19.0
-19.0
-19.0
-19.0
-19.0
-19.0
-19.0
-19.0
-19.0
-19.0
-19.0
-19.0
-19.0
-19.0
-19.0
-19.0
-19.0
-19.0
-19.0
-19.0
-19.0
-19.0
-19.0
-19.0
-19.0
-19.0
-19.0
-19.0
-19.0
-17.0
1377.0
-13.0
-12.0
-11.0
1455.0
-9.0
-8.0
3056.0
-6.0
-6.0
695.0
-4.0
-4.0
699.0
-2.0
2467.0
0.0
2305.0
0.0
2234.0
0.0
0.0
2027.0
0.0
1890.0
0.0
1456.0
0.0
1355.0
0.0
995.0
0.0
929.0
0.0
863.0
0.0
631.0
0
0
0
0
0
0
0
0
0
0
0
0
0
0
0
0
0
0
0
0
0
0
0
0
0
0
0
0
0
0
0
0
0
0
0
0
0
0
0
0
0
0
0
0
0
0
0
0
0
0
0
0
0
0
0
0
0
0
0
0
0
0
0
0
0
0
0
0
0
0
0
0
0
0
0
0
0.0
0.0
0.0
0.0
0.0
0.0
0.0
0.0
0.0
0.0
0.0
0.0
0.0
0.0
0.0
0
0
0
0
0
0
0
0
0
0
0
0
0
0
0
0
0
0
0
0
0
0
0
0
0
0
0
0
0
0
0
0
0
0
0
0
0
0
0
0
0
0
0
0
0
0
0
0
0
0
0
0
0
0
0
0
0
0
0
0
0
0
0
0
0
0
