382539
443315
402001
391088
475505
377436
396866
448040
465146
373147
427614
442700
457393
438997
375453
464330
398506
439615
408728
426782
376499
391070
428946
394489
525312
418516
436543
435380
333340
379891
377638
375428
320070
414183
460458
586825
419741
440357
364143
452506
417619
357828
367763
380479
391193
361489
383540
402742
357717
433815
434385
321859
395976
385105
368643
375845
483302
398959
403930
323461
357293
353668
373881
355435
394097
366322
325494
323882
343297
399654
335803
402985
326526
315644
324324
398161
342540
371007
319391
410123
337363
356304
315295
355725
301738
296357
374864
325135
413745
402479
346341
372767
340688
341475
348429
367975
338672
334517
366495
344409
382944
329104
294570
281084
300032
334546
372066
345205
326738
340430
257360
322969
320828
316211
301008
319909
299057
316754
327162
295257
310458
297767
305600
335460
290987
277669
318528
337343
310436
281187
317714
304270
312422
302327
331815
318077
335853
271158
289132
339209
337889
283899
250778
282788
314100
323325
279276
306611
282800
343314
324515
318555
301434
328814
322363
315639
282332
306102
254412
262730
291440
299799
274490
288367
262516
305003
286706
282223
303149
314391
255658
267445
299629
289095
288930
248397
255767
285204
290444
293119
269780
283021
284259
302338
280849
275278
272279
259450
302051
313335
257044
248951
262841
253416
270289
261237
303135
276948
270651
279210
239792
268078
280639
289123
285424
263627
301632
267355
257866
268575
273508
279349
228816
268482
250648
235377
276742
240391
236122
265027
271862
277929
260180
274911
283596
287670
256150
229456
273645
249753
245686
295381
273395
258618
249714
245016
233286
277615
263919
255758
264717
222054
231898
252053
255860
239934
264983
269282
224922
230031
276607
242575
261078
291744
270784
258937
267414
255194
241670
265219
247925
263222
252773
241961
239690
231687
264235
264216
220937
254624
260795
256008
271823
234200
209012
227950
277711
249837
236991
251420
236467
233675
226259
246129
261391
259321
234418
229845
202670
268436
242609
196698
246990
259505
252192
257794
236054
249901
239213
230458
