70.84055555555555
82.09537037037038
74.44462962962963
72.42370370370371
88.05648148148148
69.89555555555556
73.4937037037037
82.97037037037038
86.13814814814815
69.1012962962963
79.18777777777778
81.98148148148148
84.7024074074074
81.29574074074074
69.52833333333334
85.98703703703704
73.7974074074074
81.41018518518518
75.69037037037037
79.03370370370371
69.72203703703704
72.42037037037036
79.43444444444444
73.05351851851852
97.28
77.50296296296297
80.84129629629629
80.62592592592593
61.72962962962963
70.35018518518518
69.93296296296296
69.5237037037037
59.272222222222226
76.70055555555555
85.27
108.67129629629629
77.72981481481482
81.5475925925926
67.43388888888889
83.7974074074074
77.33685185185185
66.26444444444445
68.10425925925927
70.45907407407407
72.44314814814815
66.9424074074074
71.02592592592593
74.58185185185185
66.24388888888889
80.33611111111111
80.44166666666666
59.60351851851852
73.32888888888888
71.31574074074074
68.26722222222222
69.60092592592592
89.50037037037038
73.8812962962963
74.80185185185185
59.90018518518519
66.16537037037037
65.49407407407408
69.23722222222223
65.8212962962963
72.98092592592593
67.83740740740741
60.276666666666664
59.97814814814815
63.57351851851852
74.01
62.18574074074074
74.62685185185185
60.467777777777776
58.452592592592595
60.06
73.73351851851852
63.43333333333333
68.705
59.14648148148148
75.9487037037037
62.47462962962963
65.98222222222222
58.387962962962966
65.875
55.87740740740741
54.88092592592593
69.41925925925926
60.21018518518518
76.61944444444444
74.53314814814814
64.13722222222222
69.03092592592593
63.09037037037037
63.236111111111114
64.52388888888889
68.14351851851852
62.71703703703704
61.94759259259259
67.86944444444444
63.779444444444444
70.91555555555556
60.94518518518519
54.55
52.052592592592596
55.56148148148148
61.952962962962964
68.9011111111111
63.92685185185185
60.50703703703704
63.04259259259259
47.65925925925926
59.809074074074076
59.412592592592596
58.55759259259259
55.742222222222225
59.242407407407406
55.38092592592593
58.65814814814815
60.58555555555556
54.67722222222222
57.492222222222225
55.142037037037035
56.592592592592595
62.12222222222222
53.88648148148148
51.42018518518518
58.986666666666665
62.470925925925926
57.48814814814815
52.071666666666665
58.83592592592593
56.346296296296295
57.85592592592592
55.98648148148148
61.44722222222222
58.90314814814815
62.195
50.214444444444446
53.54296296296296
62.81648148148148
62.572037037037035
52.57388888888889
46.44037037037037
52.36814814814815
58.166666666666664
59.875
51.717777777777776
56.77981481481481
52.370370370370374
63.57666666666667
60.09537037037037
58.99166666666667
55.82111111111111
60.891481481481485
59.696851851851854
58.45166666666667
52.2837037037037
56.68555555555555
47.11333333333334
48.653703703703705
53.97037037037037
55.51833333333333
50.83148148148148
53.401296296296294
48.614074074074075
56.48203703703704
53.0937037037037
52.26351851851852
56.138703703703705
58.220555555555556
47.34407407407407
49.52685185185185
55.48685185185185
53.53611111111111
53.50555555555555
45.99944444444444
47.364259259259256
52.815555555555555
53.78592592592592
54.2812962962963
49.95925925925926
52.4112962962963
52.64055555555556
55.98851851851852
52.00907407407407
50.977407407407405
50.422037037037036
48.0462962962963
55.93537037037037
58.025
47.60074074074074
46.102037037037036
48.67425925925926
46.92888888888889
50.053518518518516
48.37722222222222
56.13611111111111
51.28666666666667
50.120555555555555
51.705555555555556
44.40592592592593
49.64407407407408
51.97018518518519
53.541296296296295
52.85629629629629
48.81981481481481
55.85777777777778
49.510185185185186
47.75296296296296
49.736111111111114
50.64962962962963
51.73129629629629
42.373333333333335
49.71888888888889
46.416296296296295
43.58833333333333
51.248518518518516
44.516851851851854
43.7262962962963
49.07907407407407
50.34481481481482
51.468333333333334
48.181481481481484
50.909444444444446
52.51777777777778
53.272222222222226
47.43518518518518
42.491851851851855
50.675
46.25055555555556
45.49740740740741
54.700185185185184
50.62870370370371
47.89222222222222
46.24333333333333
45.373333333333335
43.20111111111111
51.410185185185185
48.87388888888889
47.36259259259259
49.02166666666667
41.12111111111111
42.944074074074074
46.67648148148148
47.38148148148148
44.43222222222222
49.07092592592593
49.867037037037036
41.65222222222222
42.598333333333336
51.22351851851852
44.9212962962963
48.34777777777778
54.026666666666664
50.145185185185184
47.9512962962963
49.52111111111111
47.258148148148145
44.75370370370371
49.11462962962963
45.91203703703704
48.744814814814816
46.809814814814814
44.80759259259259
44.38703703703704
42.905
48.93240740740741
48.92888888888889
40.91425925925926
47.15259259259259
48.29537037037037
47.40888888888889
50.33759259259259
43.370370370370374
38.705925925925925
42.21296296296296
51.427962962962965
46.26611111111111
43.88722222222222
46.55925925925926
43.79018518518519
43.273148148148145
41.89981481481482
45.57944444444445
48.40574074074074
48.02240740740741
43.41074074074074
42.56388888888889
37.53148148148148
49.71037037037037
44.927592592592596
36.425555555555555
45.73888888888889
48.056481481481484
46.702222222222225
47.73962962962963
43.7137037037037
46.27796296296296
44.2987037037037
42.67740740740741
