-188574.0
-248925.0
-225301.0
-190187.0
-246801.0
-205829.0
-221874.0
-232537.0
-243189.0
-225311.0
-204572.0
-217672.0
-229461.0
-225236.0
-188939.0
-247858.0
-210846.0
-251770.0
-222571.0
-207552.0
-181089.0
-201835.0
-222057.0
-207316.0
-301539.0
-223704.0
-237785.0
-216818.0
-151041.0
-195542.0
-174882.0
-170180.0
-145553.0
-216023.0
-245931.0
-336485.0
-215649.0
-243552.0
-180808.0
-242962.0
-205882.0
-169174.0
-172916.0
-168706.0
-191214.0
-173341.0
-193052.0
-207195.0
-164784.0
-242396.0
-223099.0
-152625.0
-209930.0
-186709.0
-175696.0
-178846.0
-252363.0
-190092.0
-197679.0
-155201.0
-155217.0
-171351.0
-176592.0
-160708.0
-189613.0
-184719.0
-156278.0
-143391.0
-158940.0
-189608.0
-167524.0
-197099.0
-136736.0
-137163.0
-144658.0
-203543.0
-144343.0
-183453.0
-147010.0
-202579.0
-149304.0
-168896.0
-136884.0
-153087.0
-137420.0
-125681.0
-173570.0
-144147.0
-200404.0
-211082.0
-143811.0
-172513.0
-149013.0
-164847.0
-172155.0
-183135.0
-159822.0
-164358.0
-163580.0
-151877.0
-176459.0
-159136.0
-113977.0
-116648.0
-130200.0
-143689.0
-170574.0
-165689.0
-140966.0
-148548.0
-104692.0
-130148.0
-155270.0
-128316.0
-116844.0
-143726.0
-122362.0
-132595.0
-145076.0
-129548.0
-135444.0
-124651.0
-132092.0
-149593.0
-123498.0
-115421.0
-143628.0
-144811.0
-127914.0
-125162.0
-134775.0
-129598.0
-137155.0
-122861.0
-142914.0
-126692.0
-159365.0
-109555.0
-128457.0
-146581.0
-136037.0
-125917.0
-103228.0
-119026.0
-126758.0
-152398.0
-108606.0
-116238.0
-107343.0
-148096.0
-145178.0
-142405.0
-125248.0
-142413.0
-139504.0
-129434.0
-122969.0
-124307.0
-108150.0
-111541.0
-119330.0
-129173.0
-109443.0
-119916.0
-104864.0
-125221.0
-116907.0
-110615.0
-122402.0
-116942.0
-108126.0
-117152.0
-111735.0
-119974.0
-110957.0
-106423.0
-109081.0
-117367.0
-127675.0
-117920.0
-105085.0
-112100.0
-111563.0
-120399.0
-104542.0
-129512.0
-105439.0
-89496.0
-137708.0
-128691.0
-108971.0
-95764.0
-112450.0
-96700.0
-107699.0
-106732.0
-116704.0
-119479.0
-104754.0
-115619.0
-96032.0
-106597.0
-108705.0
-111055.0
-115168.0
-110399.0
-118210.0
-101551.0
-97002.0
-111413.0
-93792.0
-123407.0
-84240.0
-98770.0
-95745.0
-89980.0
-107166.0
-97704.0
-88354.0
-106858.0
-114178.0
-104390.0
-104287.0
-116097.0
-112829.0
-116115.0
-102701.0
-91543.0
-108682.0
-94932.0
-91056.0
-115580.0
-113788.0
-101484.0
-101291.0
-93122.0
-94345.0
-106493.0
-97917.0
-95418.0
-104105.0
-81898.0
-92639.0
-90369.0
-99698.0
-96083.0
-115398.0
-99669.0
-89926.0
-86755.0
-100276.0
-100086.0
-100726.0
-109019.0
-100719.0
-98956.0
-103426.0
-105659.0
-99992.0
-96549.0
-95883.0
-90265.0
-88909.0
-93037.0
-85247.0
-92557.0
-97378.0
-96590.0
-92378.0
-96850.0
-97492.0
-87759.0
-100975.0
-92549.0
-74409.0
-84643.0
-102673.0
-99531.0
-86355.0
-93944.0
-88440.0
-91594.0
-90038.0
-93458.0
-96046.0
-96346.0
-84093.0
-82786.0
-81952.0
-95740.0
-93268.0
-77979.0
-98199.0
-98865.0
-92241.0
-93821.0
-82680.0
-94538.0
-84542.0
-85224.0
