340514
381908
343266
377331
327671
252501
301433
264970
275361
326629
283996
274527
232675
306747
241632
289881
251811
315500
194501
301250
294557
203873
278873
239001
212894
225203
222691
242745
258349
249180
252068
191075
242135
256342
212904
277972
199037
266549
299133
236302
259570
202869
127310
208750
215160
238881
201849
200043
156657
226480
174234
194684
205753
164935
277220
154599
239549
188744
130093
196600
282773
202265
171487
147766
150144
190474
225348
223515
187570
146909
153898
166790
175488
133170
176382
191568
156810
165644
162547
144238
202713
174548
148470
172421
141202
194129
196824
149354
183736
222474
109564
170270
108306
196059
130542
113704
129211
139191
176030
104242
151797
165974
121860
93511
149020
187048
145286
154900
82013
157266
109666
107918
77501
121674
211539
86085
120630
169540
123248
79962
