-207016.0
-251000.0
-209082.0
-240075.0
-221089.0
-148000.0
-199081.0
-159765.0
-165526.0
-216667.0
-203075.0
-182622.0
-140759.0
-205566.0
-157812.0
-181808.0
-182685.0
-206858.0
-125479.0
-184793.0
-182258.0
-137971.0
-167662.0
-143810.0
-140485.0
-132768.0
-140950.0
-147884.0
-155291.0
-148035.0
-159378.0
-122399.0
-148173.0
-147663.0
-123339.0
-151894.0
-118952.0
-158716.0
-181360.0
-136533.0
-146197.0
-118658.0
-78712.0
-121557.0
-132237.0
-135238.0
-113833.0
-118722.0
-95586.0
-141501.0
-100415.0
-112720.0
-129481.0
-101173.0
-154745.0
-92657.0
-137171.0
-117788.0
-81690.0
-111172.0
-163798.0
-115267.0
-105017.0
-89961.0
-95483.0
-113839.0
-126086.0
-133237.0
-104458.0
-86469.0
-92620.0
-95957.0
-104631.0
-81900.0
-99686.0
-108847.0
-89821.0
-101629.0
-91715.0
-84146.0
-112328.0
-100963.0
-88424.0
-101321.0
-85403.0
-115288.0
-109574.0
-85608.0
-99447.0
-134219.0
-65419.0
-93366.0
-64013.0
-106417.0
-81448.0
-69182.0
-74771.0
-80748.0
-92737.0
-60782.0
-92352.0
-90590.0
-73117.0
-59818.0
-87008.0
-99278.0
-84412.0
-84216.0
-53556.0
-90390.0
-64564.0
-69386.0
-47337.0
-69259.0
-123407.0
-52414.0
-69520.0
-104096.0
-76905.0
-54396.0
