63.05814814814815
70.7237037037037
63.56777777777778
69.87611111111111
60.67981481481481
46.75944444444445
55.82092592592593
49.068518518518516
50.992777777777775
60.48685185185185
52.59185185185185
50.83833333333333
43.08796296296296
56.805
44.74666666666667
53.681666666666665
46.63166666666667
58.425925925925924
36.01870370370371
55.78703703703704
54.54759259259259
37.75425925925926
51.64314814814815
44.25944444444445
39.424814814814816
41.70425925925926
41.239074074074075
44.952777777777776
47.84240740740741
46.144444444444446
46.67925925925926
35.38425925925926
44.839814814814815
47.47074074074074
39.42666666666667
51.4762962962963
36.8587037037037
49.360925925925926
55.395
43.75962962962963
48.068518518518516
37.568333333333335
23.575925925925926
38.657407407407405
39.84444444444444
44.23722222222222
37.379444444444445
37.045
29.010555555555555
41.94074074074074
32.26555555555556
36.052592592592596
38.102407407407405
30.543518518518518
51.337037037037035
28.629444444444445
44.360925925925926
34.952592592592595
24.091296296296296
36.407407407407405
52.36537037037037
37.45648148148148
31.756851851851852
27.364074074074075
27.804444444444446
35.272962962962964
41.73111111111111
41.391666666666666
34.73518518518519
27.20537037037037
28.49962962962963
30.887037037037036
32.49777777777778
24.66111111111111
32.663333333333334
35.47555555555556
29.038888888888888
30.674814814814816
30.101296296296297
26.71074074074074
37.53944444444444
32.32370370370371
27.494444444444444
31.929814814814815
26.148518518518518
35.949814814814815
36.44888888888889
27.658148148148147
34.02518518518519
41.19888888888889
20.28962962962963
31.53148148148148
20.05666666666667
36.30722222222222
24.174444444444443
21.056296296296296
23.92796296296296
25.77611111111111
32.59814814814815
19.304074074074073
28.110555555555557
30.735925925925926
22.566666666666666
17.31685185185185
27.596296296296295
34.63851851851852
26.904814814814817
28.685185185185187
15.187592592592592
29.123333333333335
20.308518518518518
19.984814814814815
14.352037037037038
22.532222222222224
39.17388888888889
15.941666666666666
22.33888888888889
31.396296296296295
22.823703703703703
14.807777777777778
